/home/duc/Documents/Research/SSVI-TF/venv/bin/python3 /home/duc/Documents/Research/SSVI-TF/Test/SSVI_subopt/real/PTF_3D_sub.py
Generating synthetic data ...
Generating synthetic data took:  0.030963420867919922
iteration |   time   | test_err | train_err|  d_mean  |   d_cov  |
   100       469.86     0.0448     0.0421     1.461      0.0613
   200       977.08     0.0451     0.0403     0.6448     0.0215
   300      1479.69     0.0437      0.04      0.2246     0.0112
   400      1981.86     0.0436     0.0399     0.0682     0.0072
   500      2482.97     0.0436     0.0398     0.0346     0.0044
   600      2979.99     0.0436     0.0396     0.0415     0.0031
   700      3474.28     0.0436     0.0395     0.0494     0.0025
   800      3968.67     0.0435     0.0392     0.057      0.0022
   900      4462.62     0.0435     0.0389     0.0642     0.0018
   1000      4953.9     0.0434     0.0386     0.0711     0.0016
   1100     5445.63     0.0433     0.0381     0.0762     0.0015
   1200      5935.0     0.0431     0.0376      0.08      0.0014
   1300     6423.38     0.043      0.0369     0.0813     0.0012
   1400     6910.57     0.0428     0.0362     0.0797     0.0011
   1500     7396.83     0.0427     0.0354     0.0791     0.001
   1600     7884.37     0.0426     0.0345     0.0803     0.0009
   1700      8371.5     0.0425     0.0337     0.0783     0.0008
   1800     8859.18     0.0424     0.0328     0.0765     0.0008
   1900     9347.48     0.0424     0.032      0.0755     0.0007
   2000     9836.93     0.0423     0.0313     0.0729     0.0007
   2100     10322.98    0.0422     0.0306     0.0685     0.0007
   2200     10811.67    0.0421      0.03      0.0634     0.0007
   2300     11297.19    0.0421     0.0294     0.0583     0.0007
   2400     11781.86    0.042      0.0288     0.0575     0.0007
   2500     12265.53    0.0419     0.0283     0.0565     0.0007
   2600     12746.68    0.0417     0.0278     0.0581     0.0006
   2700     13223.49    0.0416     0.0273     0.0586     0.0007
   2800     13697.53    0.0415     0.0268     0.0589     0.0007
   2900     14168.84    0.0414     0.0263     0.0589     0.0007
   3000     14635.06    0.0413     0.0258     0.0576     0.0007
   3100     15096.94    0.0412     0.0253     0.0567     0.0007
   3200     15554.99    0.0412     0.0248     0.0563     0.0007
   3300     16010.09    0.0411     0.0243     0.0548     0.0007
   3400     16461.93    0.041      0.0238     0.0518     0.0007
   3500     16909.23    0.0409     0.0234     0.0502     0.0007
   3600     17352.24    0.0408     0.0229     0.0479     0.0006
   3700     17790.76    0.0407     0.0224     0.0467     0.0006
   3800     18226.51    0.0406     0.0219     0.0429     0.0006
   3900     18658.77    0.0406     0.0215     0.0399     0.0006
   4000     19088.91    0.0405     0.021      0.0409     0.0006
   4100     19516.91    0.0404     0.0206     0.0369     0.0006
   4200     19943.41    0.0404     0.0202     0.0356     0.0006
   4300     20366.45    0.0403     0.0198     0.0355     0.0006
   4400     20788.21    0.0403     0.0194     0.0326     0.0006
   4500     21209.92    0.0403     0.019      0.033      0.0006
   4600     21629.44    0.0402     0.0186     0.0299     0.0006
   4700     22047.24    0.0401     0.0183     0.0296     0.0005
   4800     22462.83     0.04      0.0179     0.029      0.0005
   4900     22877.25     0.04      0.0175     0.0282     0.0005
   5000     23291.67    0.0399     0.0172     0.0283     0.0005
   5100     23705.32    0.0398     0.0168     0.0271     0.0005
   5200     24117.99    0.0398     0.0165     0.0262     0.0005
   5300     24529.24    0.0397     0.0162     0.0255     0.0004
   5400     24940.24    0.0397     0.0158     0.0247     0.0004
   5500     25352.38    0.0396     0.0155     0.0251     0.0004
   5600     25761.33    0.0396     0.0152     0.0244     0.0004
   5700     26170.2     0.0395     0.0149     0.0257     0.0004
   5800     26579.21    0.0394     0.0146     0.0239     0.0004
   5900     26986.07    0.0394     0.0143     0.0241     0.0004
   6000     27393.13    0.0394     0.014      0.0234     0.0004
   6100     27798.61    0.0394     0.0137     0.0233     0.0003
   6200     28203.88    0.0394     0.0135     0.0245     0.0003
   6300     28609.07    0.0393     0.0132     0.0216     0.0003
   6400     29014.06    0.0393     0.013      0.0219     0.0003
   6500     29419.57    0.0393     0.0127     0.0208     0.0003
   6600     29824.48    0.0392     0.0125     0.0202     0.0003
   6700     30229.94    0.0392     0.0122     0.0213     0.0003
   6800     30635.89    0.0391     0.012      0.0192     0.0003
   6900     31042.46    0.039      0.0118     0.0223     0.0003
   7000     31447.0     0.039      0.0116     0.0188     0.0003
   7100     31851.72    0.039      0.0114     0.0173     0.0003
   7200     32256.06    0.039      0.0112     0.0167     0.0003
   7300     32660.68    0.0389     0.011      0.0171     0.0003
   7400     33065.23    0.0389     0.0108     0.0159     0.0002
   7500     33470.12    0.0389     0.0106     0.0154     0.0002
   7600     33875.3     0.0389     0.0104     0.0146     0.0002
   7700     34280.82    0.0389     0.0103     0.0143     0.0002