/home/duc/Documents/Research/SSVI-TF/venv/bin/python3 /home/duc/Documents/Research/SSVI-TF/Test/SSVI_subopt/real/PTF_3D_sub.py
Generating synthetic data ...
Generating synthetic data took:  3.3660407066345215
Tensor dimensions:  [50, 50, 50]
Optimization metrics:
Using Ada Grad
Mean update scheme:  S
Covariance update :  N
k1 samples =  128  k2 samples =  64
eta =  1  cov eta =  1  sigma eta =  1
iteration |   time   | test_err | train_err|  d_mean  |   d_cov  |    dw
    50       58.26      0.1474     0.1479     3.1623     4.4721     0.0002
   100       123.63     0.0766     0.0761     3.162      0.2998     0.0001
   150       188.72     0.0609     0.0604     3.0105     0.085       0.0
   200       253.88     0.0546     0.0542     2.6138     0.0687      0.0
   250       319.02     0.049      0.0483     2.1527     0.0282      0.0
   300       384.16     0.0485     0.0479     2.0704     0.0255      0.0
   350       449.32     0.0467     0.0462     1.8494     0.0212      0.0
   400       514.47     0.0472     0.0466     1.9047     0.0098      0.0
   450       579.68     0.0457     0.0451     1.7573     0.0138      0.0
   500       645.04     0.0459     0.0453     1.6829     0.0136      0.0
   550       710.42     0.0446     0.0441     1.632      0.0098      0.0
   600       775.47     0.0447     0.0441     1.2672     0.0077      0.0
   650       840.78     0.0447     0.044      1.1505     0.0064      0.0
   700       905.86     0.0446     0.044      1.2352     0.0058      0.0
   750       970.85     0.0449     0.0442     1.2743     0.0101      0.0
   800       1035.9     0.0448     0.0444     1.4596     0.0046      0.0
   850      1101.02     0.0445     0.0438     1.1865     0.0051      0.0
   900      1166.15     0.0447     0.0439     0.9143     0.0037      0.0
   950      1231.17     0.045      0.0443     1.4702     0.0047      0.0
   1000      1296.4     0.0444     0.0437      1.19      0.0038      0.0
   1050     1361.62     0.044      0.0435     1.0435     0.0037      0.0
   1100     1426.62     0.0442     0.0436     1.025      0.0034      0.0
   1150     1491.82     0.0443     0.0437     1.0401     0.0027      0.0
   1200      1556.9     0.0442     0.0435     0.8912     0.0019      0.0
   1250     1621.99     0.0444     0.0439     0.931      0.0015      0.0
   1300     1687.06     0.0444     0.0439     1.1769     0.0024      0.0
   1350     1752.09     0.0439     0.0434     1.1287     0.0022      0.0
   1400     1817.39     0.0442     0.0436     0.9303     0.0014      0.0
   1450     1882.53     0.0441     0.0435     0.8142     0.0022      0.0
   1500     1947.67     0.0443     0.0437     1.0488     0.0016      0.0
   1550     2012.75     0.0442     0.0436     1.2137     0.0018      0.0
   1600     2077.84     0.0441     0.0435     0.9866     0.0013      0.0
   1650     2143.03     0.0443     0.0437     1.0798     0.0015      0.0
   1700     2208.13     0.044      0.0434     1.0256     0.0013      0.0
   1750      2273.2     0.0443     0.0437     0.8432     0.0013      0.0
   1800     2338.27     0.0441     0.0435     0.8005     0.0007      0.0
   1850      2403.4     0.0438     0.0432     0.827      0.0009      0.0
   1900     2468.83     0.0441     0.0435     0.6168     0.0007      0.0
   1950      2534.3     0.0442     0.0436     0.7711     0.0009      0.0
   2000     2599.38     0.0438     0.0431     0.6957     0.0007      0.0
   2050     2664.61     0.0442     0.0436     0.7769     0.0007      0.0
   2100     2729.82     0.0444     0.0438     1.2691     0.001       0.0
   2150     2794.92     0.044      0.0434     1.1287     0.0009      0.0
   2200     2859.93     0.0439     0.0433     0.7857     0.0007      0.0
   2250     2924.93     0.044      0.0434     0.6721     0.0007      0.0
   2300     2990.08     0.0441     0.0436     0.6902     0.0005      0.0
   2350     3055.02     0.0441     0.0435     0.7759     0.0008      0.0
   2400     3120.12     0.0439     0.0433     0.7687     0.0006      0.0
   2450     3185.14     0.044      0.0434     0.6968     0.0006      0.0
   2500     3250.21     0.0435     0.043      0.5931     0.0005      0.0
   2550     3315.32     0.0438     0.0433     0.7866     0.0007      0.0
   2600     3380.35     0.0441     0.0435     0.9204     0.0004      0.0
   2650     3445.42     0.044      0.0435     0.9517     0.0006      0.0
   2700     3510.56     0.044      0.0434     0.8585     0.0006      0.0
   2750     3575.82     0.0438     0.0432     0.8354     0.0007      0.0
   2800     3640.88     0.0441     0.0435     0.7478     0.0005      0.0
   2850     3705.92     0.0438     0.0432     0.7529     0.0005      0.0
   2900     3771.09     0.044      0.0433     0.5775     0.0004      0.0