
Generating synthetic data ...
Generating synthetic data took:  3.082519292831421
iteration |   time   | test_err | train_err|  d_mean  |   d_cov  |
   100       472.15     0.1723     0.1712     3.1623     4.4704
   200      1260.61     0.1013     0.1005     3.1618     0.4477
   300      2051.73     0.0712     0.0705     3.1542     0.1625
   400      2845.71     0.0616     0.0609     2.7824     0.0604
   500      3641.57     0.0549     0.0542     2.507      0.0235
   600      4437.38     0.0516     0.0511     2.3859     0.0182
   700      5229.62     0.0488     0.0483     2.2665     0.0154
   800      6018.98     0.0472     0.0468     1.7988     0.0109
   900      6804.17     0.0464     0.0459     1.4094     0.0083
   1000     7585.66     0.0457     0.0454     1.3569     0.0071
   1100     8362.65     0.0455     0.045      1.1892     0.0062
   1200     9138.79     0.0452     0.0449     1.3381     0.0096
   1300     9910.23     0.0449     0.0443     1.4027     0.0059
   1400     10678.13    0.0446     0.0443      1.02      0.0055
   1500     11442.25    0.045      0.0444     1.2674     0.0037
   1600     12202.33    0.0448     0.0445     1.2995     0.0073
   1700     12962.46    0.0449     0.0445     0.9904     0.003
   1800     13720.66    0.0448     0.0445     1.078      0.0031
   1900     14473.66    0.0447     0.0444     1.0266     0.0031
   2000     15224.31    0.0449     0.0444     1.1464     0.0026
   2100     15971.68    0.0446     0.0443     1.1418     0.0031
   2200     16719.71    0.0446     0.0441     1.237      0.0021
   2300     17469.2     0.0445     0.0441     1.0045     0.0023
   2400     18213.38    0.0447     0.0443     1.1086     0.0028
   2500     18954.06    0.0446     0.0443     1.0693     0.0027
   2600     19690.36    0.0445     0.0442     1.2707     0.0019
   2700     20426.31    0.0446     0.0442     1.1291     0.0022
   2800     21160.82    0.0444     0.0441     0.8019     0.0022
   2900     21892.5     0.0444     0.044      0.7515     0.0021
   3000     22624.64    0.0444     0.044      0.7099     0.0017
   3100     23355.71    0.0443     0.0439     0.8458     0.0017
   3200     24086.11    0.0445     0.0442     1.0253     0.0016
   3300     24816.09    0.0445     0.0441     1.1408     0.0017
   3400     25542.89    0.0445     0.0441     1.0219     0.0018
   3500     26267.78    0.0445     0.0441     1.0742     0.0018
   3600     26991.7     0.0446     0.0441     0.8395     0.0015
   3700     27713.79    0.0444     0.0441     1.0017     0.0013
   3800     28436.34    0.0444     0.0441     0.8222     0.0015
   3900     29157.94    0.0444     0.044      0.7345     0.0016
   4000     29879.85    0.0445     0.0441     0.832      0.0016
   4100     30601.57    0.0441     0.0438     0.9377     0.0013
   4200     31322.28    0.0443     0.0439     0.7026     0.0015
   4300     32042.25    0.0442     0.0439     0.789      0.0012
   4400     32761.09    0.0445     0.0439     0.754      0.0012
   4500     33478.86    0.0441     0.0438     0.9242     0.0016
   4600     34194.38    0.044      0.0437     0.6517     0.0013
   4700     34909.48    0.0443     0.0439     0.6013     0.0011
   4800     35624.56    0.0442     0.0439     0.6323     0.0013
   4900     36338.45    0.0443     0.0439     0.7398     0.0011
   5000     37052.33    0.0444     0.0439     0.9738     0.001
   5100     37764.98    0.0442     0.0438     0.9129     0.0011
   5200     38477.46    0.0443     0.0439     1.176      0.0013
   5300     39189.85    0.0444     0.0439     0.7831     0.0011
   5400     39901.67    0.0442     0.044      1.007      0.001
   5500     40612.57    0.0444     0.0439     0.7745     0.0011
   5600     41322.49    0.0443     0.0439     0.7235     0.001
   5700     42031.84    0.0442     0.0437     0.989      0.001
   5800     42740.69    0.0441     0.0438      0.88      0.0011
   5900     43448.34    0.0441     0.0437     0.7153     0.0014
   6000     44156.55    0.044      0.0437     0.684      0.0011
   6100     44864.79    0.044      0.0436     0.6514     0.001
   6200     45572.38    0.0443     0.0439     0.8504     0.0011



/home/duc/Documents/Research/SSVI-TF/venv/bin/python /home/duc/Documents/Research/SSVI-TF/Test/SSVI_d/real/PTF_3D.py
Generating synthetic data ...
Generating synthetic data took:  2.9779889583587646
iteration |   time   | test_err | train_err|  d_mean  |   d_cov  |
   100        3.19      0.1644     0.1638     3.1623     4.4705
   200        8.55      0.0953     0.0944     3.1623     0.3298
   300       13.89      0.071      0.0702     3.1421     0.124
   400       19.26      0.0629     0.0624     2.8017     0.0482
   500       24.59      0.0549     0.0544     2.877      0.0372
   600       29.96      0.0521     0.0517     2.7424     0.0405
   700       35.34      0.0489     0.0484     2.1995     0.0208
   800        40.7      0.0474     0.0469     2.1304     0.0183
   900       46.08      0.0459     0.0457     1.5989     0.0117
   1000       51.5      0.046      0.0457     1.449      0.0107
   1100      56.84      0.0459     0.0454     1.8539     0.0109
   1200      62.21      0.0454     0.0451     1.7887     0.0085
   1300      67.58      0.0453     0.0448     1.346      0.0057
   1400      72.97      0.045      0.0446     1.2608     0.0052
   1500      78.31      0.045      0.0446     1.3961     0.0069
   1600      83.67      0.0449     0.0445     1.1602     0.005
   1700      89.02      0.0446     0.0442     1.0374     0.0043
   1800      94.39      0.0447     0.0443     0.9996     0.0057
   1900      99.76      0.0443     0.044      1.0423     0.0035
   2000      105.13     0.0445     0.0441     0.8655     0.0034
   2100      110.5      0.0449     0.0445     1.0516     0.0036
   2200      115.91     0.0447     0.0442     1.0224     0.0029
   2300      121.25     0.0447     0.0444     0.943      0.0025
   2400      126.61     0.0446     0.0441     1.0462     0.0029
   2500      131.94     0.0444     0.0442     0.891      0.0024
   2600      137.3      0.0444     0.0439     0.7701     0.0019
   2700      142.65     0.0444     0.0441     0.8471     0.0023
   2800      148.02     0.0446     0.0442     1.2201     0.002
   2900      153.36     0.0444     0.0441     0.9938     0.002
   3000      158.69     0.0442     0.0439     0.9868     0.0019
   3100      164.05     0.0443     0.044      0.9092     0.0017
   3200      169.42     0.0445     0.0441     0.8781     0.0015
   3300      174.8      0.0445     0.044      1.0214     0.0016
   3400      180.21     0.0445     0.0442     0.9094     0.0015
   3500      185.56     0.0442     0.0438      0.74      0.0016
   3600      190.9      0.0447     0.0442     0.8047     0.0012
   3700      196.3      0.0444     0.0439     1.1932     0.0013
   3800      201.64     0.0444     0.0441     0.949      0.0011
   3900      206.99     0.0443     0.0439     0.8344     0.0012
   4000      212.43     0.0445     0.0442     0.788      0.0011
   4100      217.8      0.0445     0.044      0.8411     0.0011
   4200      223.15     0.0443     0.044      0.7168     0.0009
   4300      228.52     0.0444     0.044      0.8478     0.001
   4400      233.85     0.0444     0.0441     0.9273     0.0009
   4500      239.21     0.0443     0.0439     1.0418     0.0009
   4600      244.58     0.0442     0.0439     1.1078     0.0009
   4700      250.14     0.0442     0.0439     0.9867     0.0009
   4800      255.51     0.0441     0.0439     0.8165     0.0007
   4900      260.89     0.0442     0.0439     0.8175     0.0008
   5000      266.26     0.0444     0.044      0.8736     0.0006
   5100      271.63     0.0442     0.0439     0.8138     0.0007
   5200      277.0      0.0443     0.044      0.7595     0.0006
   5300      282.34     0.0442     0.0438     0.8056     0.0006
   5400      287.7      0.0444     0.044      0.6213     0.0006
   5500      293.08     0.0442     0.0438     0.8685     0.0006
   5600      298.42     0.0442     0.0438     0.6489     0.0006
   5700      303.79     0.0442     0.0438     0.6928     0.0005
   5800      309.14     0.0443     0.0439     0.7161     0.0005
   5900      314.47     0.0443     0.0439     0.7944     0.0005
   6000      319.8      0.0442     0.0439     0.7507     0.0005
   6100      325.16     0.0442     0.0438     0.9585     0.0005
   6200      330.54     0.0443     0.044      0.864      0.0004