/home/duc/Documents/Research/SSVI-TF/venv/bin/python /home/duc/Documents/Research/SSVI-TF/Test/poisson/PTF_2D.py
Generating synthetic data ...
Generating synthetic data took:  0.01563119888305664
max count is:  9
iteration |   time   | test_err | train_err|  d_mean  |   d_cov  | test_nll | train_nll
    50        60.0       2.25      1.8875     0.3065     0.0468    36.6024    155.2932
   100       124.0       2.05      1.5375     0.2908     0.0409    35.9033    150.6904
   150       189.0       1.4       1.0125     0.2542     0.0342    34.9244    148.5289
   200       253.0       0.8       0.575      0.2285     0.0343    35.7055    153.6352
   250       319.0       0.7       0.7375     0.1947     0.0258    38.3075    171.2709
   300       383.0       0.5       0.6875     0.1637     0.0227    41.6452    194.1031
   350       451.0       0.3       0.5625     0.1425     0.0178     46.284    222.4726
   400       519.0       0.3       0.5625      0.13      0.0154     49.985    245.4642
   450       585.0       0.35      0.675      0.1144     0.0133    53.2959    263.5914
   500       651.0       0.35      0.675      0.1019     0.0103    56.3006    284.6041
   550       715.0       0.4       0.725      0.1017     0.0111    57.9265    297.2793
   600       780.0       0.3        0.55      0.0807     0.0104     60.768    309.6201
   650       844.0       0.3       0.5625     0.0857     0.0104    61.7399    318.3671
   700       916.0       0.3       0.5375     0.0675     0.0101    62.3249    322.9627