/home/duc/Documents/Research/SSVI-TF/venv/bin/python /home/duc/Documents/Research/SSVI-TF/Test/poisson/PTF_3D_count.py
Generating synthetic data ...
Generating synthetic data took:  0.52909255027771
max count is:  19
iteration |   time   | test_err | train_err|  d_mean  |   d_cov  | test_nll | train_nll
    50       414.0      2.532      2.5507     0.3162     0.9825   4931.6634  19954.9532
   100       1174.0     2.532      2.5515     0.2884     0.7334    5042.768  20404.0318
   150       1934.0     2.6164     2.6371     0.2483     0.5676    5160.425  20883.5296
   200       2695.0     2.6424     2.6712     0.2454     0.4107   5262.1662  21295.952
   250       3459.0     2.6548     2.6791     0.2537     0.3237   5318.0302  21522.582
   300       4222.0     2.498      2.5186     0.2564     0.2581   5299.6268  21442.8733
   350       4982.0     2.1024     2.1241     0.2614     0.217    5180.9741  20956.7438
   400       5744.0     2.0468     2.0712      0.26      0.1831   4976.7373  20122.2082
   450       6502.0     2.0268     2.0551     0.2609     0.1655   4720.4523  19073.3845
   500       7259.0     1.926      1.9459     0.2562     0.1527   4446.7221  17952.8299
   550       8020.0     1.8868     1.8978     0.2492     0.1406   4191.7794  16910.4423
   600       8780.0     1.8768     1.8822     0.2471     0.1352   3979.4013  16033.1591
   650       9539.0     1.8944     1.9012     0.2256     0.1175   3826.8585  15398.8352
   700      10298.0     1.8544     1.8269     0.2198     0.0992   3726.1531  14979.681
   750      11058.0     1.6456     1.6361     0.2034     0.1024   3671.8941  14745.9152
   800      11818.0     1.7064     1.695      0.1952     0.0831   3650.3416  14645.861
   850      12577.0     1.7832     1.7534     0.1783     0.0764   3641.6579  14599.002
   900      13341.0     1.8048     1.7726     0.1721     0.069    3632.5617  14557.3061
   950      14104.0     1.8068     1.7739     0.1656     0.0696   3626.2787  14521.0572
   1000     14866.0     1.794      1.7586     0.1473     0.0654   3616.6963  14475.7427
   1050     15627.0     1.768      1.7272     0.2252     0.0605   3592.7542  14373.4253
   1100     16391.0     1.7408     1.6967     0.2398     0.0572   3565.2122  14266.5012
   1150     17153.0     1.7024     1.6613     0.1594     0.0556   3538.9348  14156.2233
   1200     17917.0     1.6512     1.6094     0.125      0.0521   3509.6772  14036.3789