Generating synthetic real valued data ... 
Generating synthetic  real valued data took:  7.565392017364502
Using  0.01  of training data 
Tensor dimensions:  [50, 50, 50]
Optimization metrics: 
Using Ada Grad
Mean update scheme:  S
Covariance update :  N
k1 samples =  64  k2 samples =  64
eta =  1  cov eta =  1  sigma eta =  0.01
iteration |   time   |test_rsme |rel-te-err|train_rsme|rel-tr-err|  d_mean  |   d_cov  | test_nll | train_nll  |   dw   |
   500       704.86   4332.9402    0.419    4356.6356    0.4205     1.898       0.0     287823.14   11512.93     0.0    
   1000     1489.73    675.7655    0.0543    615.4028    0.0483     0.3452      0.0     286087.34   11363.2      0.0    
   1500     2276.66    601.126     0.0488    518.8371    0.0419     0.098       0.0     285529.71   11396.46     0.0    
   2000     3064.39    597.1861    0.0484    510.0393    0.0413     0.037       0.0     285855.61   11400.72     0.0    
   2500      3850.2    597.8139    0.0484    508.8411    0.0413     0.0152      0.0     285656.46   11423.93     0.0    
   3000     4636.78    598.3757    0.0484    508.642     0.0413     0.0065      0.0     285615.26   11428.38     0.0    
   3500     5425.94    598.6612    0.0484    508.6049    0.0414     0.0029      0.0     285642.43   11432.84     0.0    
   4000     6212.54    598.7921    0.0484    508.5975    0.0414     0.0013      0.0      285667.8   11432.49     0.0    
   4500     6997.93    598.8496    0.0484    508.5959    0.0414     0.0006      0.0     285711.81   11439.76     0.0    
   5000     7781.49    598.8752    0.0484    508.5955    0.0414     0.0003      0.0     285723.81   11437.38     0.0    
   5500     8564.09    598.8868    0.0484    508.5954    0.0414     0.0001      0.0     285705.94   11437.35     0.0    
Using  0.02  of training data 
Tensor dimensions:  [50, 50, 50]
Optimization metrics: 
Using Ada Grad
Mean update scheme:  S
Covariance update :  N
k1 samples =  64  k2 samples =  64
eta =  1  cov eta =  1  sigma eta =  0.01
iteration |   time   |test_rsme |rel-te-err|train_rsme|rel-tr-err|  d_mean  |   d_cov  | test_nll | train_nll  |   dw   |
   500       904.14   4329.0106    0.4185   4348.5793     0.42      1.8999      0.0     287823.14   23025.85     0.0    
   1000     1895.89    656.8477    0.0528    632.4542    0.0501     0.355       0.0     285924.93   22833.41     0.0    
   1500     2885.75    580.0427    0.0472    543.9513    0.044      0.0977      0.0     285502.99   22803.14     0.0    
   2000     3874.24    576.4689    0.0468    537.8942    0.0436     0.0333      0.0     285700.17   22895.2      0.0    
   2500      4867.5    576.8201    0.0468    537.3284    0.0436     0.0121      0.0     285664.05   22871.4      0.0    
   3000     5857.86    577.0976    0.0469    537.2635    0.0436     0.0045      0.0      285635.5   22866.09     0.0    
   3500     6849.53    577.217     0.0469    537.255     0.0436     0.0018      0.0     285647.67   22874.29     0.0    
   4000     7840.27    577.2643    0.0469    537.2538    0.0436     0.0007      0.0     285662.64   22879.35     0.0    
   4500     8827.41    577.2827    0.0469    537.2536    0.0436     0.0003      0.0     285641.83   22879.28     0.0    
   5000     9818.59    577.2899    0.0469    537.2536    0.0436     0.0001      0.0      285660.9   22875.76     0.0    
Using  0.05  of training data 
Tensor dimensions:  [50, 50, 50]
Optimization metrics: 
Using Ada Grad
Mean update scheme:  S
Covariance update :  N
k1 samples =  64  k2 samples =  64
eta =  1  cov eta =  1  sigma eta =  0.01
iteration |   time   |test_rsme |rel-te-err|train_rsme|rel-tr-err|  d_mean  |   d_cov  | test_nll | train_nll  |   dw   |
   500      1510.34   4333.2509    0.419    4343.0025    0.4195     1.8957      0.0     287823.14   57564.63     0.0    
   1000     3120.75    646.7498    0.0518    639.1282    0.0512     0.355       0.0     285867.94   57211.06     0.0    
   1500     4732.64     566.78     0.046     552.8918    0.0449     0.0954      0.0     285585.45   57028.0      0.0    
   2000     6342.66    562.6076    0.0457    547.5421    0.0444     0.0308      0.0     285452.66   57032.36     0.0    
   2500     7956.26    562.5173    0.0456    547.1113    0.0444     0.0103      0.0     285540.85   57151.69     0.0    
   3000      9571.2    562.5752    0.0456    547.0704    0.0444     0.0035      0.0      285554.1   57159.81     0.0    
   3500     11183.32   562.599     0.0456    547.0661    0.0444     0.0013      0.0     285573.12   57170.33     0.0    
   4000     12794.37   562.6065    0.0456    547.0656    0.0444     0.0004      0.0     285540.57   57156.45     0.0    
   4500     14444.69   562.6087    0.0456    547.0656    0.0444     0.0002      0.0     285567.42   57168.07     0.0    
Using  0.1  of training data 
Tensor dimensions:  [50, 50, 50]
Optimization metrics: 
Using Ada Grad
Mean update scheme:  S
Covariance update :  N
k1 samples =  64  k2 samples =  64
eta =  1  cov eta =  1  sigma eta =  0.01
iteration |   time   |test_rsme |rel-te-err|train_rsme|rel-tr-err|  d_mean  |   d_cov  | test_nll | train_nll  |   dw   |
   500      1840.49   4332.0343    0.4189   4351.3091    0.4199     1.8861      0.0     287823.14  115129.25     0.0    
   1000     3783.81    641.9596    0.0515    642.8971    0.0513     0.3741      0.0     285881.18  114466.56     0.0    
   1500     5729.97    562.7977    0.0458    555.0892    0.0449     0.1072      0.0     285644.59  114160.71     0.0    
   2000     7690.66    558.8165    0.0454    549.7599    0.0445     0.0627      0.0     285560.44  114283.49     0.0    
   2500      9645.2    558.8711    0.0454    549.4161    0.0445     0.0412      0.0     285575.69  114237.77     0.0    
   3000     11613.35   558.8322    0.0454    549.3966    0.0444     0.0428      0.0     285585.17  114087.74     0.0    
   3500     13573.01   558.7671    0.0454    549.3714    0.0444     0.0498      0.0      285600.2  114175.42     0.0    
   4000     15517.32   558.8802    0.0454    549.3824    0.0444     0.0447      0.0     285471.04   114151.6     0.0    
   4500     17452.42   558.9691    0.0454    549.3782    0.0444     0.0377      0.0     285544.94  114118.56     0.0    
   5000     19402.77   558.9207    0.0454    549.385     0.0444     0.0364      0.0     285492.39  114262.14     0.0    
   5500     21323.13   558.8418    0.0454    549.3889    0.0445     0.0575      0.0     285437.34  114305.54     0.0    
   6000     23247.19   559.1623    0.0454    549.3794    0.0444     0.0406      0.0     285442.27  114135.77     0.0    
Using  0.2  of training data 
Tensor dimensions:  [50, 50, 50]
Optimization metrics: 
Using Ada Grad
Mean update scheme:  S
Covariance update :  N
k1 samples =  64  k2 samples =  64
eta =  1  cov eta =  1  sigma eta =  0.01
iteration |   time   |test_rsme |rel-te-err|train_rsme|rel-tr-err|  d_mean  |   d_cov  | test_nll | train_nll  |   dw   |
   500       1812.7   4336.4137    0.4193   4339.8041    0.4195     1.8959      0.0     287823.14  230258.51     0.0    
   1000      3755.8    645.8205    0.0517    641.5558    0.0512     0.3836      0.0     285854.49  228474.26     0.0    
   1500     5696.06    563.0657    0.0458    555.3446    0.0451     0.0985      0.0     285825.56  228609.43     0.0    
   2000     7643.98    558.2044    0.0453    550.1371    0.0447     0.1036      0.0     285651.27  228518.62     0.0    
   2500     9594.49    558.0109    0.0453    549.7309    0.0447     0.0632      0.0     285727.67  228620.47     0.0    
   3000     11558.76   557.7712    0.0453    549.6379    0.0446     0.0505      0.0     285617.83   228500.9     0.0    
   3500     13522.19   557.9977    0.0453    549.6492    0.0446     0.0694      0.0     285312.25  228560.55     0.0    
   4000     15485.56   557.7092    0.0453    549.7338    0.0446     0.0647      0.0     285629.64  228336.61     0.0    
   4500     17447.68   557.6452    0.0453    549.6315    0.0446     0.0552      0.0     285580.63  228530.87     0.0    
   5000     19401.73   557.761     0.0453    549.7205    0.0446     0.0839      0.0     285562.75  228412.56     0.0    
   5500     21361.6    557.818     0.0453    549.6947    0.0447     0.0551      0.0     285637.84  228552.52     0.0    
   6000     23323.92   557.8138    0.0453    549.6667    0.0446     0.055       0.0     285623.62  228509.62     0.0    
Using  0.5  of training data 
Tensor dimensions:  [50, 50, 50]
Optimization metrics: 
Using Ada Grad
Mean update scheme:  S
Covariance update :  N
k1 samples =  64  k2 samples =  64
eta =  1  cov eta =  1  sigma eta =  0.01
iteration |   time   |test_rsme |rel-te-err|train_rsme|rel-tr-err|  d_mean  |   d_cov  | test_nll | train_nll  |   dw   |
   500      1805.56   4334.8435    0.4191   4340.2222    0.4196     1.8884      0.0     287823.14  575646.27     0.0    
   1000     3870.06    645.3376    0.0517    643.3529    0.0513     0.3731      0.0     285896.98   571935.2     0.0    
   1500     5933.34    562.2233    0.0457    559.0779    0.0453     0.1033      0.0     285687.03  571427.37     0.0    
   2000     8001.68    557.0439    0.0452    554.0946    0.0449     0.0731      0.0      285695.7  571106.46     0.0    
   2500     10071.32   556.4383    0.0452    553.6477    0.0449     0.0897      0.0     285636.71  570863.87     0.0    
   3000     12155.56   556.7921    0.0452    553.7547    0.0449     0.0591      0.0     285690.86  571057.16     0.0    
   3500     14249.82   556.5002    0.0452    553.6447    0.0449     0.0753      0.0     285589.85  571216.03     0.0    
   4000     16343.98   556.7335    0.0452    553.7921    0.0449     0.0612      0.0     285747.63  571076.69     0.0    
   4500     18438.35   556.7848    0.0452    553.6924    0.0449     0.087       0.0     285721.11  570914.47     0.0    
   5000     20533.57   556.3338    0.0451    553.6734    0.0449     0.0959      0.0     285469.87  570944.88     0.0    
   5500     22636.06   556.4614    0.0452    553.7633    0.0449     0.0867      0.0     285760.79   571205.9     0.0    
   6000     24728.37   556.3155    0.0452    553.7036    0.0449     0.0604      0.0     285799.51  570956.27     0.0    
Using  1  of training data 
Tensor dimensions:  [50, 50, 50]
Optimization metrics: 
Using Ada Grad
Mean update scheme:  S
Covariance update :  N
k1 samples =  64  k2 samples =  64
eta =  1  cov eta =  1  sigma eta =  0.01
iteration |   time   |test_rsme |rel-te-err|train_rsme|rel-tr-err|  d_mean  |   d_cov  | test_nll | train_nll  |   dw   |
   500      1799.39   4334.9646    0.4191    4336.983    0.4194     1.8852      0.0     287823.14  1151292.55    0.0    
   1000     3996.98    645.8341    0.0517    642.1201    0.0512     0.3616      0.0     285870.91  1143711.36    0.0    
   1500     6197.75    561.0909    0.0456    557.2303    0.0452     0.1253      0.0     285816.11  1142377.06    0.0    
   2000     8396.71    556.5402    0.0452    552.7846    0.0448     0.0643      0.0     285579.83  1141950.05    0.0    
   2500     10597.59   556.2636    0.0452    552.4743    0.0447     0.066       0.0     285526.28  1142028.89    0.0    
   3000     12798.89   556.1265    0.0452    552.4652    0.0447     0.0752      0.0     285589.96  1142014.67    0.0    
   3500     15004.68   556.0816    0.0451    552.4252    0.0447     0.0684      0.0     285584.41  1141964.24    0.0    
   4000     17263.28   556.1193    0.0451    552.4185    0.0447     0.0878      0.0     285522.14  1141826.22    0.0    
   4500     19521.91   556.3101    0.0452    552.4364    0.0447     0.0876      0.0     285747.08  1142212.28    0.0    
   5000     21772.59   556.178     0.0452    552.5127    0.0447     0.0696      0.0     285737.56  1142241.65    0.0    
   5500     24040.21   556.1855    0.0452    552.4357    0.0447     0.0755      0.0     285634.97  1142136.49    0.0    
   6000     26281.91   556.0489    0.0452    552.4235    0.0447     0.0764      0.0     285531.39  1142239.64    0.0    
