135,135,49
0,3,1,1
0,6,1,1
0,9,1,1
0,11,1,1
0,12,1,1
0,18,1,1
0,28,1,1
0,53,1,1
0,57,1,1
0,59,1,1
0,68,1,1
0,77,1,1
0,83,1,1
0,86,1,1
0,89,1,1
0,98,1,1
0,100,1,1
0,102,1,1
0,110,1,1
0,111,1,1
0,119,1,1
0,122,1,1
0,132,1,1
0,133,1,1
0,34,4,1
0,101,4,1
0,0,8,1
0,7,8,1
0,74,8,1
0,0,9,1
0,7,9,1
0,37,9,1
0,7,26,1
0,8,26,1
0,46,26,1
0,109,26,1
0,16,27,1
0,96,27,1
0,12,28,1
0,29,28,1
0,40,28,1
0,50,28,1
0,57,28,1
0,87,28,1
0,92,28,1
0,105,28,1
0,122,28,1
0,133,28,1
0,14,30,1
0,28,30,1
0,29,30,1
0,40,30,1
0,50,30,1
0,59,30,1
0,86,30,1
0,87,30,1
0,89,30,1
0,92,30,1
0,98,30,1
0,102,30,1
0,105,30,1
0,110,30,1
0,2,34,1
0,51,34,1
0,62,34,1
0,106,34,1
0,112,34,1
0,114,34,1
0,3,35,1
0,6,35,1
0,9,35,1
0,11,35,1
0,12,35,1
0,18,35,1
0,53,35,1
0,57,35,1
0,68,35,1
0,77,35,1
0,83,35,1
0,100,35,1
0,111,35,1
0,119,35,1
0,122,35,1
0,132,35,1
0,133,35,1
0,0,43,1
0,7,43,1
0,13,43,1
0,14,43,1
0,28,43,1
0,29,43,1
0,37,43,1
0,39,43,1
0,40,43,1
0,47,43,1
0,50,43,1
0,59,43,1
0,65,43,1
0,69,43,1
0,73,43,1
0,74,43,1
0,78,43,1
0,86,43,1
0,87,43,1
0,89,43,1
0,91,43,1
0,92,43,1
0,98,43,1
0,102,43,1
0,105,43,1
0,108,43,1
0,110,43,1
0,125,43,1
0,130,43,1
1,49,26,1
1,16,27,1
1,96,27,1
2,13,21,1
2,73,21,1
2,125,21,1
2,2,24,1
2,62,24,1
2,106,24,1
2,36,26,1
2,46,26,1
2,62,26,1
2,16,27,1
2,96,27,1
2,1,36,1
2,13,36,1
2,38,36,1
2,39,36,1
2,42,36,1
2,61,36,1
2,65,36,1
2,73,36,1
2,78,36,1
2,82,36,1
2,88,36,1
2,97,36,1
2,120,36,1
2,125,36,1
2,130,36,1
2,33,41,1
2,35,41,1
2,41,41,1
2,76,41,1
2,84,41,1
2,85,41,1
2,118,41,1
2,121,41,1
2,33,48,1
2,35,48,1
2,41,48,1
2,76,48,1
2,84,48,1
2,85,48,1
2,118,48,1
2,121,48,1
3,3,24,1
3,6,24,1
3,9,24,1
3,11,24,1
3,12,24,1
3,18,24,1
3,53,24,1
3,57,24,1
3,68,24,1
3,77,24,1
3,83,24,1
3,100,24,1
3,119,24,1
3,122,24,1
3,132,24,1
3,133,24,1
3,46,26,1
3,100,26,1
3,109,26,1
3,111,26,1
3,16,27,1
3,96,27,1
3,15,28,1
3,48,28,1
3,67,28,1
3,71,28,1
3,93,28,1
3,117,28,1
3,134,28,1
4,14,1,1
4,28,1,1
4,29,1,1
4,40,1,1
4,50,1,1
4,59,1,1
4,86,1,1
4,87,1,1
4,89,1,1
4,91,1,1
4,92,1,1
4,98,1,1
4,102,1,1
4,105,1,1
4,110,1,1
4,0,7,1
4,7,7,1
4,29,7,1
4,37,7,1
4,40,7,1
4,50,7,1
4,74,7,1
4,87,7,1
4,92,7,1
4,105,7,1
4,4,13,1
4,35,23,1
4,4,24,1
4,10,24,1
4,15,24,1
4,17,24,1
4,24,24,1
4,30,24,1
4,31,24,1
4,43,24,1
4,44,24,1
4,48,24,1
4,64,24,1
4,67,24,1
4,71,24,1
4,72,24,1
4,75,24,1
4,81,24,1
4,93,24,1
4,107,24,1
4,117,24,1
4,127,24,1
4,134,24,1
4,30,26,1
4,32,26,1
4,46,26,1
4,99,26,1
4,109,26,1
4,128,26,1
4,16,27,1
4,96,27,1
5,36,26,1
5,46,26,1
5,70,26,1
5,90,26,1
5,126,26,1
5,16,27,1
5,96,27,1
5,4,42,1
5,58,42,1
5,86,43,1
6,13,21,1
6,73,21,1
6,125,21,1
6,6,24,1
6,11,24,1
6,18,24,1
6,53,24,1
6,68,24,1
6,83,24,1
6,100,24,1
6,119,24,1
6,9,26,1
6,46,26,1
6,100,26,1
6,109,26,1
6,132,26,1
6,16,27,1
6,96,27,1
7,3,1,1
7,6,1,1
7,9,1,1
7,11,1,1
7,12,1,1
7,18,1,1
7,28,1,1
7,53,1,1
7,57,1,1
7,59,1,1
7,68,1,1
7,77,1,1
7,83,1,1
7,86,1,1
7,89,1,1
7,98,1,1
7,100,1,1
7,102,1,1
7,110,1,1
7,111,1,1
7,119,1,1
7,122,1,1
7,132,1,1
7,133,1,1
7,34,4,1
7,101,4,1
7,7,8,1
7,0,9,1
7,7,9,1
7,37,9,1
7,8,26,1
7,46,26,1
7,109,26,1
7,16,27,1
7,96,27,1
7,12,28,1
7,29,28,1
7,40,28,1
7,50,28,1
7,57,28,1
7,87,28,1
7,92,28,1
7,105,28,1
7,122,28,1
7,133,28,1
7,14,30,1
7,28,30,1
7,29,30,1
7,40,30,1
7,50,30,1
7,59,30,1
7,86,30,1
7,87,30,1
7,89,30,1
7,92,30,1
7,98,30,1
7,102,30,1
7,105,30,1
7,110,30,1
7,2,34,1
7,51,34,1
7,62,34,1
7,106,34,1
7,112,34,1
7,114,34,1
7,3,35,1
7,6,35,1
7,9,35,1
7,11,35,1
7,12,35,1
7,18,35,1
7,53,35,1
7,57,35,1
7,68,35,1
7,77,35,1
7,83,35,1
7,100,35,1
7,111,35,1
7,119,35,1
7,122,35,1
7,132,35,1
7,133,35,1
7,0,43,1
7,7,43,1
7,14,43,1
7,28,43,1
7,29,43,1
7,37,43,1
7,39,43,1
7,40,43,1
7,47,43,1
7,50,43,1
7,59,43,1
7,65,43,1
7,69,43,1
7,74,43,1
7,78,43,1
7,86,43,1
7,87,43,1
7,89,43,1
7,91,43,1
7,92,43,1
7,98,43,1
7,102,43,1
7,105,43,1
7,108,43,1
7,110,43,1
7,130,43,1
8,46,26,1
8,109,26,1
8,16,27,1
8,96,27,1
8,12,28,1
8,57,28,1
8,122,28,1
8,133,28,1
8,3,35,1
8,6,35,1
8,9,35,1
8,11,35,1
8,12,35,1
8,18,35,1
8,53,35,1
8,57,35,1
8,68,35,1
8,77,35,1
8,83,35,1
8,100,35,1
8,111,35,1
8,119,35,1
8,122,35,1
8,132,35,1
8,133,35,1
9,13,21,1
9,73,21,1
9,125,21,1
9,6,24,1
9,9,24,1
9,11,24,1
9,18,24,1
9,53,24,1
9,68,24,1
9,77,24,1
9,83,24,1
9,100,24,1
9,119,24,1
9,132,24,1
9,46,26,1
9,100,26,1
9,109,26,1
9,16,27,1
9,96,27,1
10,14,1,1
10,28,1,1
10,29,1,1
10,40,1,1
10,50,1,1
10,59,1,1
10,86,1,1
10,87,1,1
10,89,1,1
10,91,1,1
10,92,1,1
10,98,1,1
10,102,1,1
10,105,1,1
10,110,1,1
10,0,7,1
10,7,7,1
10,29,7,1
10,37,7,1
10,40,7,1
10,50,7,1
10,74,7,1
10,87,7,1
10,92,7,1
10,105,7,1
10,0,9,1
10,7,9,1
10,14,9,1
10,28,9,1
10,29,9,1
10,37,9,1
10,40,9,1
10,50,9,1
10,59,9,1
10,74,9,1
10,86,9,1
10,87,9,1
10,89,9,1
10,92,9,1
10,98,9,1
10,102,9,1
10,105,9,1
10,110,9,1
10,29,18,1
10,40,18,1
10,50,18,1
10,87,18,1
10,92,18,1
10,105,18,1
10,20,19,1
10,26,19,1
10,27,19,1
10,28,19,1
10,45,19,1
10,55,19,1
10,58,19,1
10,59,19,1
10,86,19,1
10,89,19,1
10,98,19,1
10,102,19,1
10,110,19,1
10,131,19,1
10,35,23,1
10,10,24,1
10,15,24,1
10,17,24,1
10,30,24,1
10,48,24,1
10,64,24,1
10,67,24,1
10,71,24,1
10,72,24,1
10,93,24,1
10,117,24,1
10,134,24,1
10,30,26,1
10,31,26,1
10,46,26,1
10,107,26,1
10,109,26,1
10,128,26,1
10,16,27,1
10,96,27,1
10,29,39,1
10,40,39,1
10,50,39,1
10,87,39,1
10,92,39,1
10,105,39,1
10,0,46,1
10,7,46,1
10,29,46,1
10,37,46,1
10,40,46,1
10,50,46,1
10,74,46,1
10,87,46,1
10,92,46,1
10,105,46,1
10,124,46,1
11,11,24,1
11,100,24,1
11,46,26,1
11,100,26,1
11,109,26,1
11,16,27,1
11,96,27,1
12,29,7,1
12,40,7,1
12,50,7,1
12,87,7,1
12,92,7,1
12,105,7,1
12,6,24,1
12,9,24,1
12,11,24,1
12,12,24,1
12,18,24,1
12,53,24,1
12,68,24,1
12,77,24,1
12,83,24,1
12,100,24,1
12,119,24,1
12,132,24,1
12,46,26,1
12,100,26,1
12,109,26,1
12,16,27,1
12,96,27,1
12,15,28,1
12,48,28,1
12,67,28,1
12,71,28,1
12,93,28,1
12,117,28,1
12,134,28,1
13,13,1,1
13,73,1,1
13,86,1,1
13,125,1,1
13,2,4,1
13,16,4,1
13,34,4,1
13,51,4,1
13,60,4,1
13,62,4,1
13,63,4,1
13,96,4,1
13,101,4,1
13,106,4,1
13,112,4,1
13,114,4,1
13,1,26,1
13,49,26,1
13,16,27,1
13,96,27,1
13,86,30,1
13,87,30,1
13,86,43,1
14,3,1,1
14,6,1,1
14,9,1,1
14,11,1,1
14,12,1,1
14,14,1,1
14,18,1,1
14,28,1,1
14,29,1,1
14,40,1,1
14,50,1,1
14,53,1,1
14,57,1,1
14,59,1,1
14,68,1,1
14,77,1,1
14,83,1,1
14,86,1,1
14,87,1,1
14,89,1,1
14,91,1,1
14,92,1,1
14,98,1,1
14,100,1,1
14,102,1,1
14,105,1,1
14,110,1,1
14,111,1,1
14,119,1,1
14,122,1,1
14,132,1,1
14,133,1,1
14,49,26,1
14,91,26,1
14,108,26,1
14,16,27,1
14,96,27,1
14,3,40,1
14,6,40,1
14,9,40,1
14,11,40,1
14,12,40,1
14,14,40,1
14,18,40,1
14,28,40,1
14,29,40,1
14,40,40,1
14,50,40,1
14,53,40,1
14,57,40,1
14,59,40,1
14,68,40,1
14,77,40,1
14,83,40,1
14,86,40,1
14,87,40,1
14,89,40,1
14,91,40,1
14,92,40,1
14,98,40,1
14,100,40,1
14,102,40,1
14,105,40,1
14,110,40,1
14,111,40,1
14,119,40,1
14,122,40,1
14,132,40,1
14,133,40,1
14,15,41,1
14,22,41,1
14,48,41,1
14,67,41,1
14,71,41,1
14,93,41,1
14,117,41,1
14,134,41,1
14,0,43,1
14,7,43,1
14,14,43,1
14,28,43,1
14,29,43,1
14,37,43,1
14,40,43,1
14,47,43,1
14,50,43,1
14,59,43,1
14,69,43,1
14,74,43,1
14,86,43,1
14,87,43,1
14,89,43,1
14,91,43,1
14,92,43,1
14,98,43,1
14,102,43,1
14,105,43,1
14,108,43,1
14,110,43,1
15,14,1,1
15,28,1,1
15,29,1,1
15,40,1,1
15,50,1,1
15,59,1,1
15,86,1,1
15,87,1,1
15,89,1,1
15,91,1,1
15,92,1,1
15,98,1,1
15,102,1,1
15,105,1,1
15,110,1,1
15,133,4,1
15,0,7,1
15,7,7,1
15,29,7,1
15,37,7,1
15,40,7,1
15,50,7,1
15,74,7,1
15,87,7,1
15,92,7,1
15,105,7,1
15,0,9,1
15,7,9,1
15,14,9,1
15,28,9,1
15,29,9,1
15,37,9,1
15,40,9,1
15,50,9,1
15,59,9,1
15,74,9,1
15,86,9,1
15,87,9,1
15,89,9,1
15,92,9,1
15,98,9,1
15,102,9,1
15,105,9,1
15,110,9,1
15,20,19,1
15,26,19,1
15,27,19,1
15,28,19,1
15,45,19,1
15,55,19,1
15,58,19,1
15,59,19,1
15,86,19,1
15,89,19,1
15,98,19,1
15,102,19,1
15,110,19,1
15,131,19,1
15,35,23,1
15,15,24,1
15,30,24,1
15,48,24,1
15,64,24,1
15,67,24,1
15,71,24,1
15,72,24,1
15,93,24,1
15,117,24,1
15,134,24,1
15,30,26,1
15,31,26,1
15,46,26,1
15,109,26,1
15,128,26,1
15,16,27,1
15,96,27,1
16,36,26,1
16,46,26,1
16,96,26,1
16,16,27,1
16,96,27,1
17,14,1,1
17,28,1,1
17,29,1,1
17,40,1,1
17,50,1,1
17,59,1,1
17,86,1,1
17,87,1,1
17,89,1,1
17,91,1,1
17,92,1,1
17,98,1,1
17,102,1,1
17,105,1,1
17,110,1,1
17,0,7,1
17,7,7,1
17,29,7,1
17,37,7,1
17,40,7,1
17,50,7,1
17,74,7,1
17,87,7,1
17,92,7,1
17,105,7,1
17,35,23,1
17,15,24,1
17,17,24,1
17,30,24,1
17,48,24,1
17,64,24,1
17,67,24,1
17,71,24,1
17,72,24,1
17,93,24,1
17,117,24,1
17,134,24,1
17,30,26,1
17,31,26,1
17,46,26,1
17,109,26,1
17,128,26,1
17,16,27,1
17,96,27,1
18,13,21,1
18,73,21,1
18,125,21,1
18,11,24,1
18,18,24,1
18,53,24,1
18,68,24,1
18,83,24,1
18,100,24,1
18,119,24,1
18,9,26,1
18,46,26,1
18,100,26,1
18,109,26,1
18,132,26,1
18,16,27,1
18,96,27,1
19,19,0,1
19,20,0,1
19,21,0,1
19,19,10,1
19,23,10,1
19,55,10,1
19,19,12,1
19,36,26,1
19,46,26,1
19,70,26,1
19,126,26,1
19,16,27,1
19,96,27,1
19,0,28,1
19,7,28,1
19,14,28,1
19,19,28,1
19,20,28,1
19,28,28,1
19,29,28,1
19,37,28,1
19,39,28,1
19,40,28,1
19,50,28,1
19,59,28,1
19,74,28,1
19,86,28,1
19,87,28,1
19,89,28,1
19,92,28,1
19,98,28,1
19,102,28,1
19,105,28,1
19,110,28,1
19,130,28,1
19,131,28,1
19,86,43,1
19,19,45,1
20,20,0,1
20,21,0,1
20,26,0,1
20,131,0,1
20,20,5,1
20,23,10,1
20,20,12,1
20,21,12,1
20,22,12,1
20,131,12,1
20,20,13,1
20,22,13,1
20,22,14,1
20,20,17,1
20,21,25,1
20,8,26,1
20,46,26,1
20,55,26,1
20,109,26,1
20,16,27,1
20,96,27,1
20,0,28,1
20,7,28,1
20,12,28,1
20,14,28,1
20,19,28,1
20,21,28,1
20,28,28,1
20,29,28,1
20,37,28,1
20,39,28,1
20,40,28,1
20,50,28,1
20,57,28,1
20,59,28,1
20,74,28,1
20,86,28,1
20,87,28,1
20,89,28,1
20,92,28,1
20,98,28,1
20,102,28,1
20,105,28,1
20,110,28,1
20,122,28,1
20,130,28,1
20,133,28,1
20,3,35,1
20,6,35,1
20,9,35,1
20,11,35,1
20,12,35,1
20,18,35,1
20,20,35,1
20,53,35,1
20,57,35,1
20,68,35,1
20,77,35,1
20,83,35,1
20,100,35,1
20,111,35,1
20,119,35,1
20,122,35,1
20,132,35,1
20,133,35,1
20,4,41,1
20,15,41,1
20,22,41,1
20,24,41,1
20,43,41,1
20,48,41,1
20,67,41,1
20,71,41,1
20,81,41,1
20,93,41,1
20,94,41,1
20,99,41,1
20,104,41,1
20,117,41,1
20,127,41,1
20,134,41,1
20,20,44,1
20,131,44,1
20,20,45,1
20,20,47,1
21,21,0,1
21,23,10,1
21,55,10,1
21,131,12,1
21,20,14,1
21,22,14,1
21,131,14,1
21,26,25,1
21,36,26,1
21,46,26,1
21,70,26,1
21,126,26,1
21,16,27,1
21,96,27,1
21,0,28,1
21,7,28,1
21,14,28,1
21,21,28,1
21,22,28,1
21,27,28,1
21,28,28,1
21,29,28,1
21,37,28,1
21,39,28,1
21,40,28,1
21,50,28,1
21,59,28,1
21,74,28,1
21,86,28,1
21,87,28,1
21,89,28,1
21,92,28,1
21,98,28,1
21,102,28,1
21,105,28,1
21,110,28,1
21,130,28,1
21,20,35,1
21,86,43,1
21,21,44,1
21,26,44,1
22,0,7,1
22,7,7,1
22,29,7,1
22,37,7,1
22,40,7,1
22,50,7,1
22,74,7,1
22,87,7,1
22,92,7,1
22,105,7,1
22,23,10,1
22,4,13,1
22,22,13,1
22,24,13,1
22,43,13,1
22,81,13,1
22,94,13,1
22,99,13,1
22,104,13,1
22,127,13,1
22,131,16,1
22,35,23,1
22,46,26,1
22,109,26,1
22,128,26,1
22,16,27,1
22,96,27,1
22,20,35,1
22,22,35,1
22,45,44,1
23,23,10,1
23,55,10,1
23,36,26,1
23,46,26,1
23,56,26,1
23,70,26,1
23,16,27,1
23,96,27,1
23,86,43,1
24,14,1,1
24,28,1,1
24,29,1,1
24,40,1,1
24,50,1,1
24,59,1,1
24,86,1,1
24,87,1,1
24,89,1,1
24,91,1,1
24,92,1,1
24,98,1,1
24,102,1,1
24,105,1,1
24,110,1,1
24,0,7,1
24,7,7,1
24,29,7,1
24,37,7,1
24,40,7,1
24,50,7,1
24,74,7,1
24,87,7,1
24,92,7,1
24,105,7,1
24,35,23,1
24,10,24,1
24,15,24,1
24,17,24,1
24,24,24,1
24,30,24,1
24,31,24,1
24,43,24,1
24,44,24,1
24,48,24,1
24,64,24,1
24,67,24,1
24,71,24,1
24,72,24,1
24,75,24,1
24,81,24,1
24,93,24,1
24,107,24,1
24,117,24,1
24,127,24,1
24,134,24,1
24,30,26,1
24,32,26,1
24,46,26,1
24,99,26,1
24,109,26,1
24,128,26,1
24,16,27,1
24,96,27,1
25,36,26,1
25,46,26,1
25,70,26,1
25,90,26,1
25,126,26,1
25,16,27,1
25,96,27,1
25,86,43,1
26,26,0,1
26,23,10,1
26,26,13,1
26,22,14,1
26,26,17,1
26,8,26,1
26,46,26,1
26,55,26,1
26,109,26,1
26,16,27,1
26,96,27,1
26,0,28,1
26,7,28,1
26,12,28,1
26,14,28,1
26,21,28,1
26,28,28,1
26,29,28,1
26,37,28,1
26,39,28,1
26,40,28,1
26,50,28,1
26,57,28,1
26,59,28,1
26,74,28,1
26,86,28,1
26,87,28,1
26,89,28,1
26,92,28,1
26,98,28,1
26,102,28,1
26,105,28,1
26,110,28,1
26,122,28,1
26,130,28,1
26,133,28,1
26,3,35,1
26,6,35,1
26,9,35,1
26,11,35,1
26,12,35,1
26,18,35,1
26,20,35,1
26,26,35,1
26,53,35,1
26,57,35,1
26,68,35,1
26,77,35,1
26,83,35,1
26,100,35,1
26,111,35,1
26,119,35,1
26,122,35,1
26,131,35,1
26,132,35,1
26,133,35,1
26,4,41,1
26,15,41,1
26,22,41,1
26,24,41,1
26,43,41,1
26,48,41,1
26,67,41,1
26,71,41,1
26,81,41,1
26,93,41,1
26,94,41,1
26,99,41,1
26,104,41,1
26,117,41,1
26,127,41,1
26,134,41,1
27,21,0,1
27,27,0,1
27,28,1,1
27,59,1,1
27,86,1,1
27,89,1,1
27,98,1,1
27,102,1,1
27,110,1,1
27,23,10,1
27,22,14,1
27,8,26,1
27,46,26,1
27,55,26,1
27,109,26,1
27,16,27,1
27,96,27,1
27,0,28,1
27,7,28,1
27,12,28,1
27,14,28,1
27,21,28,1
27,28,28,1
27,29,28,1
27,37,28,1
27,39,28,1
27,40,28,1
27,50,28,1
27,57,28,1
27,59,28,1
27,74,28,1
27,86,28,1
27,87,28,1
27,89,28,1
27,92,28,1
27,98,28,1
27,102,28,1
27,105,28,1
27,110,28,1
27,122,28,1
27,130,28,1
27,133,28,1
27,3,35,1
27,6,35,1
27,9,35,1
27,11,35,1
27,12,35,1
27,18,35,1
27,20,35,1
27,26,35,1
27,27,35,1
27,53,35,1
27,57,35,1
27,68,35,1
27,77,35,1
27,83,35,1
27,100,35,1
27,111,35,1
27,119,35,1
27,122,35,1
27,131,35,1
27,132,35,1
27,133,35,1
27,4,41,1
27,15,41,1
27,22,41,1
27,24,41,1
27,43,41,1
27,48,41,1
27,67,41,1
27,71,41,1
27,81,41,1
27,93,41,1
27,94,41,1
27,99,41,1
27,104,41,1
27,117,41,1
27,127,41,1
27,134,41,1
27,27,44,1
28,3,1,1
28,6,1,1
28,9,1,1
28,11,1,1
28,12,1,1
28,14,1,1
28,18,1,1
28,28,1,1
28,29,1,1
28,34,1,1
28,40,1,1
28,50,1,1
28,53,1,1
28,57,1,1
28,59,1,1
28,68,1,1
28,77,1,1
28,83,1,1
28,86,1,1
28,87,1,1
28,89,1,1
28,91,1,1
28,92,1,1
28,98,1,1
28,100,1,1
28,101,1,1
28,102,1,1
28,105,1,1
28,110,1,1
28,111,1,1
28,119,1,1
28,122,1,1
28,132,1,1
28,133,1,1
28,28,8,1
28,59,8,1
28,89,8,1
28,110,8,1
28,14,26,1
28,49,26,1
28,91,26,1
28,108,26,1
28,110,26,1
28,16,27,1
28,96,27,1
28,129,34,1
28,28,38,1
28,59,38,1
28,86,38,1
28,89,38,1
28,98,38,1
28,102,38,1
28,110,38,1
28,3,40,1
28,6,40,1
28,9,40,1
28,11,40,1
28,12,40,1
28,14,40,1
28,18,40,1
28,28,40,1
28,29,40,1
28,40,40,1
28,50,40,1
28,53,40,1
28,57,40,1
28,59,40,1
28,68,40,1
28,77,40,1
28,83,40,1
28,86,40,1
28,87,40,1
28,89,40,1
28,91,40,1
28,92,40,1
28,98,40,1
28,100,40,1
28,102,40,1
28,105,40,1
28,110,40,1
28,111,40,1
28,119,40,1
28,122,40,1
28,132,40,1
28,133,40,1
28,15,41,1
28,22,41,1
28,48,41,1
28,67,41,1
28,71,41,1
28,93,41,1
28,117,41,1
28,134,41,1
28,0,43,1
28,7,43,1
28,14,43,1
28,28,43,1
28,29,43,1
28,37,43,1
28,40,43,1
28,47,43,1
28,50,43,1
28,59,43,1
28,69,43,1
28,74,43,1
28,86,43,1
28,87,43,1
28,89,43,1
28,91,43,1
28,92,43,1
28,98,43,1
28,102,43,1
28,105,43,1
28,108,43,1
28,110,43,1
29,3,1,1
29,6,1,1
29,9,1,1
29,11,1,1
29,12,1,1
29,14,1,1
29,18,1,1
29,28,1,1
29,29,1,1
29,40,1,1
29,50,1,1
29,53,1,1
29,57,1,1
29,59,1,1
29,68,1,1
29,77,1,1
29,83,1,1
29,86,1,1
29,87,1,1
29,89,1,1
29,91,1,1
29,92,1,1
29,98,1,1
29,100,1,1
29,102,1,1
29,105,1,1
29,110,1,1
29,111,1,1
29,119,1,1
29,122,1,1
29,132,1,1
29,133,1,1
29,29,4,1
29,34,4,1
29,50,4,1
29,101,4,1
29,105,4,1
29,0,8,1
29,7,8,1
29,29,8,1
29,37,8,1
29,50,8,1
29,74,8,1
29,105,8,1
29,0,9,1
29,7,9,1
29,29,9,1
29,37,9,1
29,40,9,1
29,50,9,1
29,74,9,1
29,87,9,1
29,92,9,1
29,105,9,1
29,29,15,1
29,40,15,1
29,50,15,1
29,87,15,1
29,92,15,1
29,105,15,1
29,14,26,1
29,49,26,1
29,91,26,1
29,105,26,1
29,108,26,1
29,16,27,1
29,96,27,1
29,28,30,1
29,29,30,1
29,40,30,1
29,50,30,1
29,59,30,1
29,74,30,1
29,86,30,1
29,87,30,1
29,89,30,1
29,92,30,1
29,98,30,1
29,102,30,1
29,105,30,1
29,110,30,1
29,2,34,1
29,40,34,1
29,51,34,1
29,62,34,1
29,74,34,1
29,87,34,1
29,92,34,1
29,106,34,1
29,112,34,1
29,114,34,1
29,29,38,1
29,40,38,1
29,50,38,1
29,87,38,1
29,92,38,1
29,105,38,1
29,3,40,1
29,6,40,1
29,9,40,1
29,11,40,1
29,12,40,1
29,14,40,1
29,18,40,1
29,28,40,1
29,29,40,1
29,40,40,1
29,50,40,1
29,53,40,1
29,57,40,1
29,59,40,1
29,68,40,1
29,77,40,1
29,83,40,1
29,86,40,1
29,87,40,1
29,89,40,1
29,91,40,1
29,92,40,1
29,98,40,1
29,100,40,1
29,102,40,1
29,105,40,1
29,110,40,1
29,111,40,1
29,119,40,1
29,122,40,1
29,132,40,1
29,133,40,1
29,15,41,1
29,22,41,1
29,48,41,1
29,67,41,1
29,71,41,1
29,93,41,1
29,117,41,1
29,134,41,1
29,0,43,1
29,7,43,1
29,13,43,1
29,14,43,1
29,28,43,1
29,29,43,1
29,37,43,1
29,39,43,1
29,40,43,1
29,47,43,1
29,50,43,1
29,59,43,1
29,65,43,1
29,69,43,1
29,73,43,1
29,74,43,1
29,78,43,1
29,86,43,1
29,87,43,1
29,89,43,1
29,91,43,1
29,92,43,1
29,98,43,1
29,102,43,1
29,105,43,1
29,108,43,1
29,110,43,1
29,125,43,1
29,130,43,1
30,14,1,1
30,28,1,1
30,29,1,1
30,40,1,1
30,50,1,1
30,59,1,1
30,86,1,1
30,87,1,1
30,89,1,1
30,91,1,1
30,92,1,1
30,98,1,1
30,102,1,1
30,105,1,1
30,110,1,1
30,0,7,1
30,7,7,1
30,29,7,1
30,37,7,1
30,40,7,1
30,50,7,1
30,74,7,1
30,87,7,1
30,92,7,1
30,105,7,1
30,35,23,1
30,30,24,1
30,46,26,1
30,109,26,1
30,128,26,1
30,16,27,1
30,96,27,1
31,14,1,1
31,28,1,1
31,29,1,1
31,40,1,1
31,50,1,1
31,59,1,1
31,86,1,1
31,87,1,1
31,89,1,1
31,91,1,1
31,92,1,1
31,98,1,1
31,102,1,1
31,105,1,1
31,110,1,1
31,0,7,1
31,7,7,1
31,29,7,1
31,37,7,1
31,40,7,1
31,50,7,1
31,74,7,1
31,87,7,1
31,92,7,1
31,105,7,1
31,35,23,1
31,10,24,1
31,15,24,1
31,17,24,1
31,30,24,1
31,31,24,1
31,48,24,1
31,64,24,1
31,67,24,1
31,71,24,1
31,72,24,1
31,93,24,1
31,107,24,1
31,117,24,1
31,134,24,1
31,30,26,1
31,46,26,1
31,109,26,1
31,128,26,1
31,16,27,1
31,96,27,1
32,14,1,1
32,28,1,1
32,29,1,1
32,40,1,1
32,50,1,1
32,59,1,1
32,86,1,1
32,87,1,1
32,89,1,1
32,91,1,1
32,92,1,1
32,98,1,1
32,102,1,1
32,105,1,1
32,110,1,1
32,0,7,1
32,7,7,1
32,29,7,1
32,37,7,1
32,40,7,1
32,50,7,1
32,74,7,1
32,87,7,1
32,92,7,1
32,105,7,1
32,35,23,1
32,4,24,1
32,10,24,1
32,15,24,1
32,17,24,1
32,24,24,1
32,30,24,1
32,31,24,1
32,32,24,1
32,43,24,1
32,44,24,1
32,48,24,1
32,64,24,1
32,67,24,1
32,71,24,1
32,72,24,1
32,75,24,1
32,81,24,1
32,93,24,1
32,94,24,1
32,99,24,1
32,104,24,1
32,107,24,1
32,117,24,1
32,127,24,1
32,134,24,1
32,30,26,1
32,46,26,1
32,109,26,1
32,128,26,1
32,16,27,1
32,96,27,1
33,36,26,1
33,46,26,1
33,76,26,1
33,16,27,1
33,96,27,1
34,34,4,1
34,101,4,1
34,34,15,1
34,101,15,1
34,36,26,1
34,46,26,1
34,101,26,1
34,16,27,1
34,96,27,1
34,28,30,1
34,59,30,1
34,86,30,1
34,89,30,1
34,98,30,1
34,102,30,1
34,110,30,1
34,28,31,1
34,59,31,1
34,86,31,1
34,89,31,1
34,98,31,1
34,102,31,1
34,110,31,1
34,3,42,1
34,6,42,1
34,9,42,1
34,11,42,1
34,12,42,1
34,18,42,1
34,53,42,1
34,57,42,1
34,68,42,1
34,77,42,1
34,83,42,1
34,100,42,1
34,111,42,1
34,119,42,1
34,122,42,1
34,132,42,1
34,133,42,1
34,14,43,1
34,28,43,1
34,29,43,1
34,40,43,1
34,47,43,1
34,50,43,1
34,59,43,1
34,69,43,1
34,74,43,1
34,86,43,1
34,87,43,1
34,89,43,1
34,91,43,1
34,92,43,1
34,98,43,1
34,102,43,1
34,105,43,1
34,108,43,1
34,110,43,1
35,0,7,1
35,7,7,1
35,29,7,1
35,37,7,1
35,40,7,1
35,50,7,1
35,74,7,1
35,87,7,1
35,92,7,1
35,105,7,1
35,46,26,1
35,84,26,1
35,109,26,1
35,16,27,1
35,96,27,1
36,46,26,1
36,16,27,1
36,96,27,1
37,3,1,1
37,6,1,1
37,9,1,1
37,11,1,1
37,12,1,1
37,18,1,1
37,28,1,1
37,53,1,1
37,57,1,1
37,59,1,1
37,68,1,1
37,77,1,1
37,83,1,1
37,86,1,1
37,89,1,1
37,98,1,1
37,100,1,1
37,102,1,1
37,110,1,1
37,111,1,1
37,119,1,1
37,122,1,1
37,132,1,1
37,133,1,1
37,34,4,1
37,101,4,1
37,0,8,1
37,7,8,1
37,37,8,1
37,0,9,1
37,7,9,1
37,37,9,1
37,7,26,1
37,8,26,1
37,46,26,1
37,109,26,1
37,16,27,1
37,96,27,1
37,12,28,1
37,29,28,1
37,40,28,1
37,50,28,1
37,57,28,1
37,87,28,1
37,92,28,1
37,105,28,1
37,122,28,1
37,133,28,1
37,14,30,1
37,28,30,1
37,29,30,1
37,40,30,1
37,50,30,1
37,59,30,1
37,86,30,1
37,87,30,1
37,89,30,1
37,92,30,1
37,98,30,1
37,102,30,1
37,105,30,1
37,110,30,1
37,2,34,1
37,51,34,1
37,62,34,1
37,106,34,1
37,112,34,1
37,114,34,1
37,3,35,1
37,6,35,1
37,9,35,1
37,11,35,1
37,12,35,1
37,18,35,1
37,53,35,1
37,57,35,1
37,68,35,1
37,77,35,1
37,83,35,1
37,100,35,1
37,111,35,1
37,119,35,1
37,122,35,1
37,132,35,1
37,133,35,1
37,0,43,1
37,7,43,1
37,14,43,1
37,28,43,1
37,29,43,1
37,37,43,1
37,39,43,1
37,40,43,1
37,47,43,1
37,50,43,1
37,59,43,1
37,65,43,1
37,69,43,1
37,74,43,1
37,78,43,1
37,86,43,1
37,87,43,1
37,89,43,1
37,91,43,1
37,92,43,1
37,98,43,1
37,102,43,1
37,105,43,1
37,108,43,1
37,110,43,1
37,130,43,1
38,0,4,1
38,7,4,1
38,29,4,1
38,37,4,1
38,40,4,1
38,50,4,1
38,74,4,1
38,87,4,1
38,92,4,1
38,105,4,1
38,1,26,1
38,49,26,1
38,16,27,1
38,96,27,1
39,14,1,1
39,28,1,1
39,29,1,1
39,40,1,1
39,50,1,1
39,59,1,1
39,86,1,1
39,87,1,1
39,89,1,1
39,92,1,1
39,98,1,1
39,102,1,1
39,105,1,1
39,106,1,1
39,110,1,1
39,4,2,1
39,10,2,1
39,15,2,1
39,17,2,1
39,22,2,1
39,24,2,1
39,30,2,1
39,31,2,1
39,32,2,1
39,43,2,1
39,44,2,1
39,48,2,1
39,64,2,1
39,67,2,1
39,71,2,1
39,72,2,1
39,75,2,1
39,81,2,1
39,93,2,1
39,94,2,1
39,99,2,1
39,104,2,1
39,107,2,1
39,117,2,1
39,127,2,1
39,134,2,1
39,4,3,1
39,10,3,1
39,15,3,1
39,17,3,1
39,24,3,1
39,30,3,1
39,31,3,1
39,32,3,1
39,43,3,1
39,44,3,1
39,48,3,1
39,64,3,1
39,67,3,1
39,71,3,1
39,72,3,1
39,75,3,1
39,81,3,1
39,93,3,1
39,94,3,1
39,99,3,1
39,104,3,1
39,107,3,1
39,117,3,1
39,127,3,1
39,134,3,1
39,0,4,1
39,7,4,1
39,29,4,1
39,37,4,1
39,40,4,1
39,50,4,1
39,74,4,1
39,87,4,1
39,92,4,1
39,105,4,1
39,0,18,1
39,7,18,1
39,29,18,1
39,37,18,1
39,40,18,1
39,50,18,1
39,74,18,1
39,87,18,1
39,92,18,1
39,105,18,1
39,1,26,1
39,49,26,1
39,65,26,1
39,97,26,1
39,16,27,1
39,96,27,1
39,4,32,1
39,10,32,1
39,14,32,1
39,15,32,1
39,17,32,1
39,22,32,1
39,24,32,1
39,28,32,1
39,29,32,1
39,30,32,1
39,31,32,1
39,32,32,1
39,34,32,1
39,40,32,1
39,43,32,1
39,44,32,1
39,48,32,1
39,50,32,1
39,59,32,1
39,64,32,1
39,67,32,1
39,71,32,1
39,72,32,1
39,75,32,1
39,81,32,1
39,86,32,1
39,87,32,1
39,89,32,1
39,91,32,1
39,92,32,1
39,93,32,1
39,94,32,1
39,98,32,1
39,99,32,1
39,101,32,1
39,102,32,1
39,104,32,1
39,105,32,1
39,107,32,1
39,110,32,1
39,116,32,1
39,117,32,1
39,127,32,1
39,129,32,1
39,134,32,1
39,16,33,1
39,39,33,1
39,96,33,1
39,130,38,1
39,10,48,1
39,35,48,1
39,41,48,1
39,84,48,1
39,85,48,1
39,107,48,1
39,121,48,1
40,3,1,1
40,6,1,1
40,9,1,1
40,11,1,1
40,12,1,1
40,14,1,1
40,18,1,1
40,28,1,1
40,29,1,1
40,40,1,1
40,50,1,1
40,53,1,1
40,57,1,1
40,59,1,1
40,68,1,1
40,77,1,1
40,83,1,1
40,86,1,1
40,87,1,1
40,89,1,1
40,91,1,1
40,92,1,1
40,98,1,1
40,100,1,1
40,102,1,1
40,105,1,1
40,110,1,1
40,111,1,1
40,119,1,1
40,122,1,1
40,132,1,1
40,133,1,1
40,29,4,1
40,34,4,1
40,40,4,1
40,50,4,1
40,87,4,1
40,92,4,1
40,101,4,1
40,105,4,1
40,0,8,1
40,7,8,1
40,29,8,1
40,37,8,1
40,40,8,1
40,50,8,1
40,74,8,1
40,87,8,1
40,92,8,1
40,105,8,1
40,0,9,1
40,7,9,1
40,29,9,1
40,37,9,1
40,40,9,1
40,50,9,1
40,74,9,1
40,87,9,1
40,92,9,1
40,105,9,1
40,50,11,1
40,29,15,1
40,40,15,1
40,50,15,1
40,87,15,1
40,92,15,1
40,105,15,1
40,14,26,1
40,49,26,1
40,91,26,1
40,105,26,1
40,108,26,1
40,16,27,1
40,96,27,1
40,28,30,1
40,29,30,1
40,40,30,1
40,50,30,1
40,59,30,1
40,74,30,1
40,86,30,1
40,87,30,1
40,89,30,1
40,92,30,1
40,98,30,1
40,102,30,1
40,105,30,1
40,110,30,1
40,2,34,1
40,40,34,1
40,51,34,1
40,62,34,1
40,74,34,1
40,87,34,1
40,92,34,1
40,106,34,1
40,112,34,1
40,114,34,1
40,29,38,1
40,40,38,1
40,50,38,1
40,87,38,1
40,92,38,1
40,105,38,1
40,3,40,1
40,6,40,1
40,9,40,1
40,11,40,1
40,12,40,1
40,14,40,1
40,18,40,1
40,28,40,1
40,29,40,1
40,40,40,1
40,50,40,1
40,53,40,1
40,57,40,1
40,59,40,1
40,68,40,1
40,77,40,1
40,83,40,1
40,86,40,1
40,87,40,1
40,89,40,1
40,91,40,1
40,92,40,1
40,98,40,1
40,100,40,1
40,102,40,1
40,105,40,1
40,110,40,1
40,111,40,1
40,119,40,1
40,122,40,1
40,132,40,1
40,133,40,1
40,15,41,1
40,22,41,1
40,48,41,1
40,67,41,1
40,71,41,1
40,93,41,1
40,117,41,1
40,131,41,1
40,134,41,1
40,0,43,1
40,7,43,1
40,13,43,1
40,14,43,1
40,28,43,1
40,29,43,1
40,37,43,1
40,39,43,1
40,40,43,1
40,47,43,1
40,50,43,1
40,59,43,1
40,65,43,1
40,69,43,1
40,73,43,1
40,74,43,1
40,78,43,1
40,86,43,1
40,87,43,1
40,89,43,1
40,91,43,1
40,92,43,1
40,98,43,1
40,102,43,1
40,105,43,1
40,108,43,1
40,110,43,1
40,125,43,1
40,130,43,1
41,0,7,1
41,7,7,1
41,29,7,1
41,37,7,1
41,40,7,1
41,50,7,1
41,74,7,1
41,87,7,1
41,92,7,1
41,105,7,1
41,35,14,1
41,46,26,1
41,84,26,1
41,85,26,1
41,109,26,1
41,16,27,1
41,96,27,1
41,29,39,1
41,40,39,1
41,50,39,1
41,74,39,1
41,87,39,1
41,92,39,1
41,105,39,1
41,0,46,1
41,7,46,1
41,29,46,1
41,37,46,1
41,40,46,1
41,50,46,1
41,74,46,1
41,87,46,1
41,92,46,1
41,105,46,1
41,124,46,1
42,0,4,1
42,7,4,1
42,29,4,1
42,37,4,1
42,40,4,1
42,50,4,1
42,74,4,1
42,87,4,1
42,92,4,1
42,105,4,1
42,1,26,1
42,49,26,1
42,97,26,1
42,16,27,1
42,96,27,1
42,16,33,1
42,96,33,1
43,14,1,1
43,28,1,1
43,29,1,1
43,40,1,1
43,50,1,1
43,59,1,1
43,86,1,1
43,87,1,1
43,89,1,1
43,91,1,1
43,92,1,1
43,98,1,1
43,102,1,1
43,105,1,1
43,110,1,1
43,0,7,1
43,7,7,1
43,29,7,1
43,37,7,1
43,40,7,1
43,50,7,1
43,74,7,1
43,87,7,1
43,92,7,1
43,105,7,1
43,35,23,1
43,10,24,1
43,15,24,1
43,17,24,1
43,30,24,1
43,31,24,1
43,43,24,1
43,44,24,1
43,48,24,1
43,64,24,1
43,67,24,1
43,71,24,1
43,72,24,1
43,75,24,1
43,93,24,1
43,107,24,1
43,117,24,1
43,134,24,1
43,30,26,1
43,32,26,1
43,46,26,1
43,81,26,1
43,99,26,1
43,109,26,1
43,128,26,1
43,16,27,1
43,96,27,1
44,14,1,1
44,28,1,1
44,29,1,1
44,40,1,1
44,50,1,1
44,59,1,1
44,86,1,1
44,87,1,1
44,89,1,1
44,91,1,1
44,92,1,1
44,98,1,1
44,102,1,1
44,105,1,1
44,110,1,1
44,0,7,1
44,7,7,1
44,29,7,1
44,37,7,1
44,40,7,1
44,50,7,1
44,74,7,1
44,87,7,1
44,92,7,1
44,105,7,1
44,35,23,1
44,10,24,1
44,15,24,1
44,17,24,1
44,30,24,1
44,31,24,1
44,44,24,1
44,48,24,1
44,64,24,1
44,67,24,1
44,71,24,1
44,72,24,1
44,75,24,1
44,93,24,1
44,107,24,1
44,117,24,1
44,134,24,1
44,30,26,1
44,32,26,1
44,46,26,1
44,109,26,1
44,128,26,1
44,16,27,1
44,96,27,1
45,22,14,1
45,20,17,1
45,26,17,1
45,45,17,1
45,131,17,1
45,45,25,1
45,8,26,1
45,46,26,1
45,109,26,1
45,16,27,1
45,96,27,1
45,12,28,1
45,14,28,1
45,28,28,1
45,29,28,1
45,40,28,1
45,50,28,1
45,57,28,1
45,59,28,1
45,86,28,1
45,87,28,1
45,89,28,1
45,92,28,1
45,98,28,1
45,102,28,1
45,105,28,1
45,110,28,1
45,122,28,1
45,133,28,1
45,3,35,1
45,6,35,1
45,9,35,1
45,11,35,1
45,12,35,1
45,18,35,1
45,26,35,1
45,45,35,1
45,53,35,1
45,57,35,1
45,68,35,1
45,77,35,1
45,83,35,1
45,100,35,1
45,111,35,1
45,119,35,1
45,122,35,1
45,132,35,1
45,133,35,1
45,26,44,1
45,45,44,1
46,16,27,1
46,96,27,1
47,49,26,1
47,69,26,1
47,108,26,1
47,16,27,1
47,96,27,1
47,0,43,1
47,7,43,1
47,14,43,1
47,28,43,1
47,29,43,1
47,37,43,1
47,40,43,1
47,47,43,1
47,50,43,1
47,59,43,1
47,69,43,1
47,74,43,1
47,86,43,1
47,87,43,1
47,89,43,1
47,91,43,1
47,92,43,1
47,98,43,1
47,102,43,1
47,105,43,1
47,108,43,1
47,110,43,1
48,14,1,1
48,28,1,1
48,29,1,1
48,40,1,1
48,50,1,1
48,59,1,1
48,86,1,1
48,87,1,1
48,89,1,1
48,91,1,1
48,92,1,1
48,98,1,1
48,102,1,1
48,105,1,1
48,110,1,1
48,133,4,1
48,0,7,1
48,7,7,1
48,29,7,1
48,37,7,1
48,40,7,1
48,50,7,1
48,74,7,1
48,87,7,1
48,92,7,1
48,105,7,1
48,0,9,1
48,7,9,1
48,14,9,1
48,28,9,1
48,29,9,1
48,37,9,1
48,40,9,1
48,50,9,1
48,59,9,1
48,74,9,1
48,86,9,1
48,87,9,1
48,89,9,1
48,92,9,1
48,98,9,1
48,102,9,1
48,105,9,1
48,110,9,1
48,20,19,1
48,26,19,1
48,27,19,1
48,28,19,1
48,45,19,1
48,55,19,1
48,58,19,1
48,59,19,1
48,86,19,1
48,89,19,1
48,98,19,1
48,102,19,1
48,110,19,1
48,131,19,1
48,35,23,1
48,30,24,1
48,48,24,1
48,64,24,1
48,71,24,1
48,72,24,1
48,117,24,1
48,134,24,1
48,15,26,1
48,30,26,1
48,31,26,1
48,46,26,1
48,109,26,1
48,128,26,1
48,16,27,1
48,96,27,1
49,16,27,1
49,96,27,1
50,3,1,1
50,6,1,1
50,9,1,1
50,11,1,1
50,12,1,1
50,14,1,1
50,18,1,1
50,28,1,1
50,29,1,1
50,40,1,1
50,50,1,1
50,53,1,1
50,57,1,1
50,59,1,1
50,68,1,1
50,77,1,1
50,83,1,1
50,86,1,1
50,87,1,1
50,89,1,1
50,91,1,1
50,92,1,1
50,98,1,1
50,100,1,1
50,102,1,1
50,105,1,1
50,110,1,1
50,111,1,1
50,119,1,1
50,122,1,1
50,132,1,1
50,133,1,1
50,34,4,1
50,50,4,1
50,101,4,1
50,105,4,1
50,0,8,1
50,7,8,1
50,37,8,1
50,50,8,1
50,74,8,1
50,105,8,1
50,0,9,1
50,7,9,1
50,29,9,1
50,37,9,1
50,40,9,1
50,50,9,1
50,74,9,1
50,87,9,1
50,92,9,1
50,105,9,1
50,29,15,1
50,40,15,1
50,50,15,1
50,87,15,1
50,92,15,1
50,105,15,1
50,14,26,1
50,49,26,1
50,91,26,1
50,105,26,1
50,108,26,1
50,16,27,1
50,96,27,1
50,28,30,1
50,29,30,1
50,40,30,1
50,50,30,1
50,59,30,1
50,74,30,1
50,86,30,1
50,87,30,1
50,89,30,1
50,92,30,1
50,98,30,1
50,102,30,1
50,105,30,1
50,110,30,1
50,2,34,1
50,40,34,1
50,51,34,1
50,62,34,1
50,74,34,1
50,87,34,1
50,92,34,1
50,106,34,1
50,112,34,1
50,114,34,1
50,29,38,1
50,40,38,1
50,50,38,1
50,87,38,1
50,92,38,1
50,105,38,1
50,3,40,1
50,6,40,1
50,9,40,1
50,11,40,1
50,12,40,1
50,14,40,1
50,18,40,1
50,28,40,1
50,29,40,1
50,40,40,1
50,50,40,1
50,53,40,1
50,57,40,1
50,59,40,1
50,68,40,1
50,77,40,1
50,83,40,1
50,86,40,1
50,87,40,1
50,89,40,1
50,91,40,1
50,92,40,1
50,98,40,1
50,100,40,1
50,102,40,1
50,105,40,1
50,110,40,1
50,111,40,1
50,119,40,1
50,122,40,1
50,132,40,1
50,133,40,1
50,15,41,1
50,22,41,1
50,48,41,1
50,67,41,1
50,71,41,1
50,93,41,1
50,117,41,1
50,134,41,1
50,0,43,1
50,7,43,1
50,13,43,1
50,14,43,1
50,28,43,1
50,29,43,1
50,37,43,1
50,39,43,1
50,40,43,1
50,47,43,1
50,50,43,1
50,59,43,1
50,65,43,1
50,69,43,1
50,73,43,1
50,74,43,1
50,78,43,1
50,86,43,1
50,87,43,1
50,89,43,1
50,91,43,1
50,92,43,1
50,98,43,1
50,102,43,1
50,105,43,1
50,108,43,1
50,110,43,1
50,125,43,1
50,130,43,1
51,13,21,1
51,73,21,1
51,125,21,1
51,2,24,1
51,51,24,1
51,62,24,1
51,106,24,1
51,36,26,1
51,46,26,1
51,62,26,1
51,16,27,1
51,96,27,1
51,1,36,1
51,13,36,1
51,38,36,1
51,39,36,1
51,42,36,1
51,61,36,1
51,65,36,1
51,73,36,1
51,78,36,1
51,82,36,1
51,88,36,1
51,97,36,1
51,120,36,1
51,125,36,1
51,130,36,1
51,33,41,1
51,35,41,1
51,41,41,1
51,76,41,1
51,84,41,1
51,85,41,1
51,118,41,1
51,121,41,1
51,33,48,1
51,35,48,1
51,41,48,1
51,76,48,1
51,84,48,1
51,85,48,1
51,118,48,1
51,121,48,1
52,0,4,1
52,7,4,1
52,29,4,1
52,37,4,1
52,40,4,1
52,50,4,1
52,74,4,1
52,87,4,1
52,92,4,1
52,105,4,1
52,52,8,1
52,14,20,1
52,28,20,1
52,29,20,1
52,34,20,1
52,40,20,1
52,50,20,1
52,59,20,1
52,86,20,1
52,87,20,1
52,89,20,1
52,92,20,1
52,98,20,1
52,101,20,1
52,102,20,1
52,105,20,1
52,110,20,1
52,36,26,1
52,46,26,1
52,16,27,1
52,96,27,1
52,0,30,1
52,7,30,1
52,14,30,1
52,28,30,1
52,29,30,1
52,37,30,1
52,40,30,1
52,50,30,1
52,59,30,1
52,74,30,1
52,86,30,1
52,87,30,1
52,89,30,1
52,92,30,1
52,98,30,1
52,102,30,1
52,105,30,1
52,110,30,1
53,13,21,1
53,73,21,1
53,125,21,1
53,11,24,1
53,53,24,1
53,68,24,1
53,83,24,1
53,100,24,1
53,119,24,1
53,9,26,1
53,46,26,1
53,100,26,1
53,109,26,1
53,132,26,1
53,16,27,1
53,96,27,1
54,14,1,1
54,28,1,1
54,29,1,1
54,40,1,1
54,50,1,1
54,59,1,1
54,86,1,1
54,87,1,1
54,89,1,1
54,92,1,1
54,98,1,1
54,102,1,1
54,105,1,1
54,110,1,1
54,0,7,1
54,7,7,1
54,29,7,1
54,37,7,1
54,40,7,1
54,50,7,1
54,74,7,1
54,87,7,1
54,92,7,1
54,105,7,1
54,35,23,1
54,46,26,1
54,109,26,1
54,128,26,1
54,16,27,1
54,96,27,1
55,22,14,1
55,8,26,1
55,46,26,1
55,109,26,1
55,16,27,1
55,96,27,1
55,0,28,1
55,7,28,1
55,12,28,1
55,14,28,1
55,28,28,1
55,29,28,1
55,37,28,1
55,40,28,1
55,50,28,1
55,57,28,1
55,59,28,1
55,74,28,1
55,86,28,1
55,87,28,1
55,89,28,1
55,92,28,1
55,98,28,1
55,102,28,1
55,105,28,1
55,110,28,1
55,122,28,1
55,133,28,1
55,3,35,1
55,6,35,1
55,9,35,1
55,11,35,1
55,12,35,1
55,18,35,1
55,53,35,1
55,57,35,1
55,68,35,1
55,77,35,1
55,83,35,1
55,100,35,1
55,111,35,1
55,119,35,1
55,122,35,1
55,132,35,1
55,133,35,1
55,4,41,1
55,15,41,1
55,22,41,1
55,24,41,1
55,43,41,1
55,48,41,1
55,67,41,1
55,71,41,1
55,81,41,1
55,93,41,1
55,94,41,1
55,99,41,1
55,104,41,1
55,117,41,1
55,127,41,1
55,134,41,1
56,36,26,1
56,46,26,1
56,70,26,1
56,16,27,1
56,96,27,1
56,86,43,1
57,29,7,1
57,40,7,1
57,50,7,1
57,87,7,1
57,92,7,1
57,105,7,1
57,6,24,1
57,9,24,1
57,11,24,1
57,12,24,1
57,18,24,1
57,53,24,1
57,57,24,1
57,68,24,1
57,77,24,1
57,83,24,1
57,100,24,1
57,119,24,1
57,122,24,1
57,132,24,1
57,133,24,1
57,46,26,1
57,100,26,1
57,109,26,1
57,16,27,1
57,96,27,1
57,15,28,1
57,48,28,1
57,67,28,1
57,71,28,1
57,93,28,1
57,117,28,1
57,134,28,1
58,28,1,1
58,59,1,1
58,86,1,1
58,89,1,1
58,98,1,1
58,102,1,1
58,110,1,1
58,59,6,1
58,89,6,1
58,58,13,1
58,22,14,1
58,8,26,1
58,46,26,1
58,55,26,1
58,109,26,1
58,16,27,1
58,96,27,1
58,0,28,1
58,7,28,1
58,12,28,1
58,14,28,1
58,28,28,1
58,29,28,1
58,37,28,1
58,40,28,1
58,50,28,1
58,57,28,1
58,59,28,1
58,74,28,1
58,86,28,1
58,87,28,1
58,89,28,1
58,92,28,1
58,98,28,1
58,102,28,1
58,105,28,1
58,110,28,1
58,122,28,1
58,133,28,1
58,3,35,1
58,6,35,1
58,9,35,1
58,11,35,1
58,12,35,1
58,18,35,1
58,20,35,1
58,26,35,1
58,27,35,1
58,53,35,1
58,57,35,1
58,68,35,1
58,77,35,1
58,83,35,1
58,100,35,1
58,111,35,1
58,119,35,1
58,122,35,1
58,131,35,1
58,132,35,1
58,133,35,1
58,4,41,1
58,15,41,1
58,22,41,1
58,24,41,1
58,43,41,1
58,48,41,1
58,67,41,1
58,71,41,1
58,81,41,1
58,93,41,1
58,94,41,1
58,99,41,1
58,104,41,1
58,117,41,1
58,127,41,1
58,134,41,1
59,3,1,1
59,6,1,1
59,9,1,1
59,11,1,1
59,12,1,1
59,14,1,1
59,18,1,1
59,28,1,1
59,29,1,1
59,34,1,1
59,40,1,1
59,50,1,1
59,53,1,1
59,57,1,1
59,59,1,1
59,68,1,1
59,77,1,1
59,83,1,1
59,86,1,1
59,87,1,1
59,89,1,1
59,91,1,1
59,92,1,1
59,98,1,1
59,100,1,1
59,101,1,1
59,102,1,1
59,105,1,1
59,110,1,1
59,111,1,1
59,119,1,1
59,122,1,1
59,132,1,1
59,133,1,1
59,59,8,1
59,110,8,1
59,14,26,1
59,49,26,1
59,89,26,1
59,91,26,1
59,108,26,1
59,110,26,1
59,16,27,1
59,96,27,1
59,129,34,1
59,28,38,1
59,59,38,1
59,86,38,1
59,89,38,1
59,98,38,1
59,102,38,1
59,110,38,1
59,3,40,1
59,6,40,1
59,9,40,1
59,11,40,1
59,12,40,1
59,14,40,1
59,18,40,1
59,28,40,1
59,29,40,1
59,40,40,1
59,50,40,1
59,53,40,1
59,57,40,1
59,59,40,1
59,68,40,1
59,77,40,1
59,83,40,1
59,86,40,1
59,87,40,1
59,89,40,1
59,91,40,1
59,92,40,1
59,98,40,1
59,100,40,1
59,102,40,1
59,105,40,1
59,110,40,1
59,111,40,1
59,119,40,1
59,122,40,1
59,132,40,1
59,133,40,1
59,15,41,1
59,22,41,1
59,27,41,1
59,48,41,1
59,67,41,1
59,71,41,1
59,93,41,1
59,117,41,1
59,134,41,1
59,0,43,1
59,7,43,1
59,14,43,1
59,28,43,1
59,29,43,1
59,37,43,1
59,40,43,1
59,47,43,1
59,50,43,1
59,59,43,1
59,69,43,1
59,74,43,1
59,86,43,1
59,87,43,1
59,89,43,1
59,91,43,1
59,92,43,1
59,98,43,1
59,102,43,1
59,105,43,1
59,108,43,1
59,110,43,1
60,0,4,1
60,7,4,1
60,29,4,1
60,37,4,1
60,40,4,1
60,50,4,1
60,74,4,1
60,87,4,1
60,92,4,1
60,105,4,1
60,36,26,1
60,46,26,1
60,70,26,1
60,126,26,1
60,16,27,1
60,96,27,1
60,86,43,1
61,0,4,1
61,7,4,1
61,29,4,1
61,37,4,1
61,40,4,1
61,50,4,1
61,74,4,1
61,87,4,1
61,92,4,1
61,105,4,1
61,1,26,1
61,49,26,1
61,97,26,1
61,16,27,1
61,96,27,1
61,16,33,1
61,96,33,1
62,13,21,1
62,73,21,1
62,125,21,1
62,62,24,1
62,36,26,1
62,46,26,1
62,16,27,1
62,96,27,1
62,1,36,1
62,13,36,1
62,38,36,1
62,39,36,1
62,42,36,1
62,61,36,1
62,65,36,1
62,73,36,1
62,78,36,1
62,82,36,1
62,88,36,1
62,97,36,1
62,120,36,1
62,125,36,1
62,130,36,1
62,33,41,1
62,35,41,1
62,41,41,1
62,76,41,1
62,84,41,1
62,85,41,1
62,118,41,1
62,121,41,1
62,33,48,1
62,35,48,1
62,41,48,1
62,76,48,1
62,84,48,1
62,85,48,1
62,118,48,1
62,121,48,1
63,36,26,1
63,46,26,1
63,16,27,1
63,96,27,1
63,2,42,1
63,51,42,1
63,62,42,1
63,106,42,1
63,112,42,1
63,114,42,1
64,14,1,1
64,28,1,1
64,29,1,1
64,40,1,1
64,50,1,1
64,59,1,1
64,86,1,1
64,87,1,1
64,89,1,1
64,91,1,1
64,92,1,1
64,98,1,1
64,102,1,1
64,105,1,1
64,110,1,1
64,0,7,1
64,7,7,1
64,29,7,1
64,37,7,1
64,40,7,1
64,50,7,1
64,74,7,1
64,87,7,1
64,92,7,1
64,105,7,1
64,0,9,1
64,7,9,1
64,14,9,1
64,28,9,1
64,29,9,1
64,37,9,1
64,40,9,1
64,50,9,1
64,59,9,1
64,74,9,1
64,86,9,1
64,87,9,1
64,89,9,1
64,92,9,1
64,98,9,1
64,102,9,1
64,105,9,1
64,110,9,1
64,20,19,1
64,26,19,1
64,27,19,1
64,28,19,1
64,45,19,1
64,55,19,1
64,58,19,1
64,59,19,1
64,86,19,1
64,89,19,1
64,98,19,1
64,102,19,1
64,110,19,1
64,131,19,1
64,35,23,1
64,30,24,1
64,64,24,1
64,30,26,1
64,31,26,1
64,46,26,1
64,109,26,1
64,128,26,1
64,16,27,1
64,96,27,1
65,14,1,1
65,28,1,1
65,29,1,1
65,40,1,1
65,50,1,1
65,59,1,1
65,86,1,1
65,87,1,1
65,89,1,1
65,92,1,1
65,98,1,1
65,102,1,1
65,105,1,1
65,110,1,1
65,0,4,1
65,7,4,1
65,29,4,1
65,37,4,1
65,40,4,1
65,50,4,1
65,74,4,1
65,87,4,1
65,92,4,1
65,105,4,1
65,1,26,1
65,49,26,1
65,97,26,1
65,16,27,1
65,96,27,1
65,16,33,1
65,96,33,1
66,39,6,1
66,42,6,1
66,61,6,1
66,65,6,1
66,78,6,1
66,88,6,1
66,97,6,1
66,120,6,1
66,130,6,1
66,36,26,1
66,46,26,1
66,103,26,1
66,16,27,1
66,96,27,1
66,39,28,1
66,42,28,1
66,61,28,1
66,65,28,1
66,78,28,1
66,88,28,1
66,97,28,1
66,120,28,1
66,130,28,1
66,106,29,1
66,33,41,1
66,76,41,1
66,118,41,1
67,14,1,1
67,28,1,1
67,29,1,1
67,40,1,1
67,50,1,1
67,59,1,1
67,86,1,1
67,87,1,1
67,89,1,1
67,91,1,1
67,92,1,1
67,98,1,1
67,102,1,1
67,105,1,1
67,110,1,1
67,133,4,1
67,0,7,1
67,7,7,1
67,29,7,1
67,37,7,1
67,40,7,1
67,50,7,1
67,74,7,1
67,87,7,1
67,92,7,1
67,105,7,1
67,0,9,1
67,7,9,1
67,14,9,1
67,28,9,1
67,29,9,1
67,37,9,1
67,40,9,1
67,50,9,1
67,59,9,1
67,74,9,1
67,86,9,1
67,87,9,1
67,89,9,1
67,92,9,1
67,98,9,1
67,102,9,1
67,105,9,1
67,110,9,1
67,20,19,1
67,26,19,1
67,27,19,1
67,28,19,1
67,45,19,1
67,55,19,1
67,58,19,1
67,59,19,1
67,86,19,1
67,89,19,1
67,98,19,1
67,102,19,1
67,110,19,1
67,131,19,1
67,35,23,1
67,30,24,1
67,48,24,1
67,64,24,1
67,67,24,1
67,71,24,1
67,72,24,1
67,117,24,1
67,134,24,1
67,15,26,1
67,30,26,1
67,31,26,1
67,46,26,1
67,109,26,1
67,128,26,1
67,16,27,1
67,96,27,1
68,13,21,1
68,73,21,1
68,125,21,1
68,11,24,1
68,68,24,1
68,100,24,1
68,9,26,1
68,46,26,1
68,83,26,1
68,100,26,1
68,109,26,1
68,132,26,1
68,16,27,1
68,96,27,1
69,49,26,1
69,108,26,1
69,16,27,1
69,96,27,1
69,0,43,1
69,7,43,1
69,14,43,1
69,28,43,1
69,29,43,1
69,37,43,1
69,40,43,1
69,47,43,1
69,50,43,1
69,59,43,1
69,69,43,1
69,74,43,1
69,86,43,1
69,87,43,1
69,89,43,1
69,91,43,1
69,92,43,1
69,98,43,1
69,102,43,1
69,105,43,1
69,108,43,1
69,110,43,1
70,13,10,1
70,36,26,1
70,46,26,1
70,16,27,1
70,96,27,1
70,86,43,1
71,14,1,1
71,28,1,1
71,29,1,1
71,40,1,1
71,50,1,1
71,59,1,1
71,86,1,1
71,87,1,1
71,89,1,1
71,91,1,1
71,92,1,1
71,98,1,1
71,102,1,1
71,105,1,1
71,110,1,1
71,133,4,1
71,0,7,1
71,7,7,1
71,29,7,1
71,37,7,1
71,40,7,1
71,50,7,1
71,74,7,1
71,87,7,1
71,92,7,1
71,105,7,1
71,0,9,1
71,7,9,1
71,14,9,1
71,28,9,1
71,29,9,1
71,37,9,1
71,40,9,1
71,50,9,1
71,59,9,1
71,74,9,1
71,86,9,1
71,87,9,1
71,89,9,1
71,92,9,1
71,98,9,1
71,102,9,1
71,105,9,1
71,110,9,1
71,20,19,1
71,26,19,1
71,27,19,1
71,28,19,1
71,45,19,1
71,55,19,1
71,58,19,1
71,59,19,1
71,86,19,1
71,89,19,1
71,98,19,1
71,102,19,1
71,110,19,1
71,131,19,1
71,12,22,1
71,29,22,1
71,40,22,1
71,50,22,1
71,87,22,1
71,92,22,1
71,105,22,1
71,122,22,1
71,133,22,1
71,35,23,1
71,30,24,1
71,64,24,1
71,71,24,1
71,72,24,1
71,117,24,1
71,15,26,1
71,30,26,1
71,31,26,1
71,46,26,1
71,109,26,1
71,128,26,1
71,16,27,1
71,96,27,1
72,14,1,1
72,28,1,1
72,29,1,1
72,40,1,1
72,50,1,1
72,59,1,1
72,86,1,1
72,87,1,1
72,89,1,1
72,91,1,1
72,92,1,1
72,98,1,1
72,102,1,1
72,105,1,1
72,110,1,1
72,0,7,1
72,7,7,1
72,29,7,1
72,37,7,1
72,40,7,1
72,50,7,1
72,74,7,1
72,87,7,1
72,92,7,1
72,105,7,1
72,35,23,1
72,30,24,1
72,64,24,1
72,72,24,1
72,30,26,1
72,31,26,1
72,46,26,1
72,109,26,1
72,128,26,1
72,16,27,1
72,96,27,1
73,13,1,1
73,73,1,1
73,86,1,1
73,125,1,1
73,0,4,1
73,2,4,1
73,7,4,1
73,16,4,1
73,29,4,1
73,34,4,1
73,37,4,1
73,40,4,1
73,50,4,1
73,51,4,1
73,60,4,1
73,62,4,1
73,63,4,1
73,74,4,1
73,87,4,1
73,92,4,1
73,96,4,1
73,101,4,1
73,105,4,1
73,106,4,1
73,112,4,1
73,114,4,1
73,70,11,1
73,1,26,1
73,13,26,1
73,49,26,1
73,16,27,1
73,96,27,1
73,86,30,1
73,87,30,1
73,125,40,1
73,86,43,1
74,34,4,1
74,101,4,1
74,74,8,1
74,0,9,1
74,7,9,1
74,29,9,1
74,37,9,1
74,40,9,1
74,50,9,1
74,87,9,1
74,92,9,1
74,105,9,1
74,20,19,1
74,26,19,1
74,27,19,1
74,28,19,1
74,45,19,1
74,55,19,1
74,58,19,1
74,59,19,1
74,86,19,1
74,89,19,1
74,98,19,1
74,102,19,1
74,110,19,1
74,131,19,1
74,49,26,1
74,108,26,1
74,16,27,1
74,96,27,1
74,2,34,1
74,51,34,1
74,62,34,1
74,106,34,1
74,112,34,1
74,114,34,1
74,0,43,1
74,7,43,1
74,13,43,1
74,14,43,1
74,28,43,1
74,29,43,1
74,37,43,1
74,39,43,1
74,40,43,1
74,47,43,1
74,50,43,1
74,59,43,1
74,65,43,1
74,69,43,1
74,73,43,1
74,74,43,1
74,78,43,1
74,86,43,1
74,87,43,1
74,89,43,1
74,91,43,1
74,92,43,1
74,98,43,1
74,102,43,1
74,105,43,1
74,108,43,1
74,110,43,1
74,125,43,1
74,130,43,1
75,14,1,1
75,28,1,1
75,29,1,1
75,40,1,1
75,50,1,1
75,59,1,1
75,86,1,1
75,87,1,1
75,89,1,1
75,91,1,1
75,92,1,1
75,98,1,1
75,102,1,1
75,105,1,1
75,110,1,1
75,0,7,1
75,7,7,1
75,29,7,1
75,37,7,1
75,40,7,1
75,50,7,1
75,74,7,1
75,87,7,1
75,92,7,1
75,105,7,1
75,35,23,1
75,10,24,1
75,15,24,1
75,17,24,1
75,30,24,1
75,31,24,1
75,48,24,1
75,64,24,1
75,67,24,1
75,71,24,1
75,72,24,1
75,75,24,1
75,93,24,1
75,107,24,1
75,117,24,1
75,134,24,1
75,30,26,1
75,32,26,1
75,46,26,1
75,109,26,1
75,128,26,1
75,16,27,1
75,96,27,1
76,39,10,1
76,76,10,1
76,36,26,1
76,46,26,1
76,16,27,1
76,96,27,1
77,29,7,1
77,40,7,1
77,50,7,1
77,87,7,1
77,92,7,1
77,105,7,1
77,13,21,1
77,73,21,1
77,125,21,1
77,6,24,1
77,11,24,1
77,18,24,1
77,53,24,1
77,68,24,1
77,77,24,1
77,83,24,1
77,100,24,1
77,119,24,1
77,132,24,1
77,9,26,1
77,46,26,1
77,100,26,1
77,109,26,1
77,16,27,1
77,96,27,1
78,14,1,1
78,28,1,1
78,29,1,1
78,40,1,1
78,50,1,1
78,59,1,1
78,86,1,1
78,87,1,1
78,89,1,1
78,92,1,1
78,98,1,1
78,102,1,1
78,105,1,1
78,110,1,1
78,4,2,1
78,10,2,1
78,15,2,1
78,17,2,1
78,22,2,1
78,24,2,1
78,30,2,1
78,31,2,1
78,32,2,1
78,43,2,1
78,44,2,1
78,48,2,1
78,64,2,1
78,67,2,1
78,71,2,1
78,72,2,1
78,75,2,1
78,81,2,1
78,93,2,1
78,94,2,1
78,99,2,1
78,104,2,1
78,107,2,1
78,117,2,1
78,127,2,1
78,134,2,1
78,4,3,1
78,10,3,1
78,14,3,1
78,15,3,1
78,17,3,1
78,24,3,1
78,28,3,1
78,29,3,1
78,30,3,1
78,31,3,1
78,32,3,1
78,40,3,1
78,43,3,1
78,44,3,1
78,48,3,1
78,50,3,1
78,59,3,1
78,64,3,1
78,67,3,1
78,71,3,1
78,72,3,1
78,75,3,1
78,81,3,1
78,86,3,1
78,87,3,1
78,89,3,1
78,91,3,1
78,92,3,1
78,93,3,1
78,94,3,1
78,98,3,1
78,99,3,1
78,102,3,1
78,104,3,1
78,105,3,1
78,107,3,1
78,110,3,1
78,117,3,1
78,127,3,1
78,134,3,1
78,0,4,1
78,7,4,1
78,29,4,1
78,37,4,1
78,40,4,1
78,50,4,1
78,74,4,1
78,87,4,1
78,92,4,1
78,105,4,1
78,0,18,1
78,7,18,1
78,29,18,1
78,37,18,1
78,40,18,1
78,50,18,1
78,74,18,1
78,87,18,1
78,92,18,1
78,105,18,1
78,1,26,1
78,49,26,1
78,65,26,1
78,97,26,1
78,16,27,1
78,96,27,1
78,4,32,1
78,10,32,1
78,14,32,1
78,15,32,1
78,17,32,1
78,22,32,1
78,24,32,1
78,28,32,1
78,29,32,1
78,30,32,1
78,31,32,1
78,32,32,1
78,34,32,1
78,40,32,1
78,43,32,1
78,44,32,1
78,48,32,1
78,50,32,1
78,59,32,1
78,64,32,1
78,67,32,1
78,71,32,1
78,72,32,1
78,75,32,1
78,81,32,1
78,86,32,1
78,87,32,1
78,89,32,1
78,91,32,1
78,92,32,1
78,93,32,1
78,94,32,1
78,98,32,1
78,99,32,1
78,101,32,1
78,102,32,1
78,104,32,1
78,105,32,1
78,107,32,1
78,110,32,1
78,116,32,1
78,117,32,1
78,127,32,1
78,129,32,1
78,134,32,1
78,16,33,1
78,39,33,1
78,78,33,1
78,96,33,1
78,130,33,1
79,0,4,1
79,7,4,1
79,29,4,1
79,37,4,1
79,40,4,1
79,50,4,1
79,74,4,1
79,87,4,1
79,92,4,1
79,105,4,1
79,52,8,1
79,79,8,1
79,124,8,1
79,79,10,1
79,14,20,1
79,28,20,1
79,29,20,1
79,34,20,1
79,40,20,1
79,50,20,1
79,59,20,1
79,86,20,1
79,87,20,1
79,89,20,1
79,92,20,1
79,98,20,1
79,101,20,1
79,102,20,1
79,105,20,1
79,110,20,1
79,0,22,1
79,7,22,1
79,14,22,1
79,28,22,1
79,29,22,1
79,37,22,1
79,40,22,1
79,50,22,1
79,59,22,1
79,74,22,1
79,86,22,1
79,87,22,1
79,89,22,1
79,92,22,1
79,98,22,1
79,102,22,1
79,105,22,1
79,110,22,1
79,36,26,1
79,46,26,1
79,52,26,1
79,16,27,1
79,96,27,1
79,0,30,1
79,7,30,1
79,14,30,1
79,28,30,1
79,29,30,1
79,37,30,1
79,40,30,1
79,50,30,1
79,59,30,1
79,74,30,1
79,86,30,1
79,87,30,1
79,89,30,1
79,92,30,1
79,98,30,1
79,102,30,1
79,105,30,1
79,110,30,1
79,4,31,1
79,10,31,1
79,15,31,1
79,17,31,1
79,22,31,1
79,24,31,1
79,28,31,1
79,30,31,1
79,31,31,1
79,32,31,1
79,43,31,1
79,44,31,1
79,48,31,1
79,54,31,1
79,59,31,1
79,64,31,1
79,67,31,1
79,71,31,1
79,72,31,1
79,75,31,1
79,81,31,1
79,86,31,1
79,89,31,1
79,93,31,1
79,94,31,1
79,98,31,1
79,99,31,1
79,102,31,1
79,104,31,1
79,107,31,1
79,110,31,1
79,117,31,1
79,127,31,1
79,128,31,1
79,134,31,1
79,39,43,1
79,78,43,1
80,36,26,1
80,46,26,1
80,16,27,1
80,96,27,1
81,14,1,1
81,28,1,1
81,29,1,1
81,40,1,1
81,50,1,1
81,59,1,1
81,86,1,1
81,87,1,1
81,89,1,1
81,91,1,1
81,92,1,1
81,98,1,1
81,102,1,1
81,105,1,1
81,110,1,1
81,0,7,1
81,7,7,1
81,29,7,1
81,37,7,1
81,40,7,1
81,50,7,1
81,74,7,1
81,87,7,1
81,92,7,1
81,105,7,1
81,35,23,1
81,10,24,1
81,15,24,1
81,17,24,1
81,30,24,1
81,31,24,1
81,43,24,1
81,44,24,1
81,48,24,1
81,64,24,1
81,67,24,1
81,71,24,1
81,72,24,1
81,75,24,1
81,81,24,1
81,93,24,1
81,107,24,1
81,117,24,1
81,127,24,1
81,134,24,1
81,30,26,1
81,32,26,1
81,46,26,1
81,99,26,1
81,109,26,1
81,128,26,1
81,16,27,1
81,96,27,1
82,1,26,1
82,49,26,1
82,16,27,1
82,96,27,1
82,39,33,1
82,78,33,1
82,130,33,1
83,13,21,1
83,73,21,1
83,125,21,1
83,11,24,1
83,68,24,1
83,83,24,1
83,100,24,1
83,9,26,1
83,46,26,1
83,100,26,1
83,109,26,1
83,132,26,1
83,16,27,1
83,96,27,1
84,0,7,1
84,7,7,1
84,29,7,1
84,37,7,1
84,40,7,1
84,50,7,1
84,74,7,1
84,87,7,1
84,92,7,1
84,105,7,1
84,46,26,1
84,109,26,1
84,16,27,1
84,96,27,1
85,0,7,1
85,7,7,1
85,29,7,1
85,37,7,1
85,40,7,1
85,50,7,1
85,74,7,1
85,87,7,1
85,92,7,1
85,105,7,1
85,46,26,1
85,84,26,1
85,109,26,1
85,16,27,1
85,96,27,1
85,29,39,1
85,40,39,1
85,50,39,1
85,74,39,1
85,87,39,1
85,92,39,1
85,105,39,1
85,0,46,1
85,7,46,1
85,29,46,1
85,37,46,1
85,40,46,1
85,50,46,1
85,74,46,1
85,87,46,1
85,92,46,1
85,105,46,1
85,124,46,1
86,3,1,1
86,6,1,1
86,9,1,1
86,11,1,1
86,12,1,1
86,13,1,1
86,14,1,1
86,18,1,1
86,28,1,1
86,29,1,1
86,34,1,1
86,40,1,1
86,50,1,1
86,53,1,1
86,57,1,1
86,59,1,1
86,68,1,1
86,73,1,1
86,77,1,1
86,83,1,1
86,86,1,1
86,87,1,1
86,89,1,1
86,91,1,1
86,92,1,1
86,98,1,1
86,100,1,1
86,101,1,1
86,102,1,1
86,105,1,1
86,110,1,1
86,111,1,1
86,119,1,1
86,122,1,1
86,125,1,1
86,132,1,1
86,133,1,1
86,28,8,1
86,59,8,1
86,86,8,1
86,89,8,1
86,98,8,1
86,110,8,1
86,86,15,1
86,102,15,1
86,14,26,1
86,49,26,1
86,91,26,1
86,102,26,1
86,108,26,1
86,110,26,1
86,16,27,1
86,96,27,1
86,129,34,1
86,28,38,1
86,59,38,1
86,86,38,1
86,89,38,1
86,98,38,1
86,102,38,1
86,110,38,1
86,6,40,1
86,9,40,1
86,11,40,1
86,14,40,1
86,18,40,1
86,28,40,1
86,29,40,1
86,40,40,1
86,50,40,1
86,53,40,1
86,59,40,1
86,68,40,1
86,77,40,1
86,83,40,1
86,86,40,1
86,87,40,1
86,89,40,1
86,91,40,1
86,92,40,1
86,98,40,1
86,100,40,1
86,102,40,1
86,105,40,1
86,110,40,1
86,119,40,1
86,132,40,1
86,2,41,1
86,15,41,1
86,22,41,1
86,48,41,1
86,51,41,1
86,67,41,1
86,71,41,1
86,93,41,1
86,117,41,1
86,134,41,1
86,0,43,1
86,7,43,1
86,13,43,1
86,14,43,1
86,28,43,1
86,29,43,1
86,37,43,1
86,40,43,1
86,47,43,1
86,50,43,1
86,59,43,1
86,69,43,1
86,73,43,1
86,74,43,1
86,86,43,1
86,87,43,1
86,89,43,1
86,91,43,1
86,92,43,1
86,98,43,1
86,102,43,1
86,105,43,1
86,108,43,1
86,110,43,1
86,125,43,1
87,3,1,1
87,6,1,1
87,9,1,1
87,11,1,1
87,12,1,1
87,13,1,1
87,14,1,1
87,18,1,1
87,28,1,1
87,29,1,1
87,40,1,1
87,50,1,1
87,53,1,1
87,57,1,1
87,59,1,1
87,68,1,1
87,73,1,1
87,77,1,1
87,83,1,1
87,86,1,1
87,87,1,1
87,89,1,1
87,91,1,1
87,92,1,1
87,98,1,1
87,100,1,1
87,102,1,1
87,105,1,1
87,110,1,1
87,111,1,1
87,119,1,1
87,122,1,1
87,125,1,1
87,132,1,1
87,133,1,1
87,29,4,1
87,34,4,1
87,50,4,1
87,87,4,1
87,92,4,1
87,101,4,1
87,105,4,1
87,0,8,1
87,7,8,1
87,29,8,1
87,37,8,1
87,50,8,1
87,74,8,1
87,87,8,1
87,92,8,1
87,105,8,1
87,0,9,1
87,7,9,1
87,29,9,1
87,37,9,1
87,40,9,1
87,50,9,1
87,74,9,1
87,87,9,1
87,92,9,1
87,105,9,1
87,29,15,1
87,40,15,1
87,50,15,1
87,87,15,1
87,92,15,1
87,105,15,1
87,14,26,1
87,40,26,1
87,49,26,1
87,91,26,1
87,105,26,1
87,108,26,1
87,16,27,1
87,96,27,1
87,28,30,1
87,29,30,1
87,40,30,1
87,50,30,1
87,59,30,1
87,74,30,1
87,86,30,1
87,87,30,1
87,89,30,1
87,92,30,1
87,98,30,1
87,102,30,1
87,105,30,1
87,110,30,1
87,2,34,1
87,40,34,1
87,51,34,1
87,62,34,1
87,74,34,1
87,87,34,1
87,92,34,1
87,106,34,1
87,112,34,1
87,114,34,1
87,29,38,1
87,40,38,1
87,50,38,1
87,87,38,1
87,92,38,1
87,105,38,1
87,6,40,1
87,9,40,1
87,11,40,1
87,14,40,1
87,18,40,1
87,28,40,1
87,29,40,1
87,40,40,1
87,50,40,1
87,53,40,1
87,59,40,1
87,68,40,1
87,77,40,1
87,83,40,1
87,86,40,1
87,87,40,1
87,89,40,1
87,91,40,1
87,92,40,1
87,98,40,1
87,100,40,1
87,102,40,1
87,105,40,1
87,110,40,1
87,119,40,1
87,132,40,1
87,15,41,1
87,22,41,1
87,48,41,1
87,67,41,1
87,71,41,1
87,93,41,1
87,117,41,1
87,131,41,1
87,134,41,1
87,0,43,1
87,7,43,1
87,13,43,1
87,14,43,1
87,28,43,1
87,29,43,1
87,37,43,1
87,39,43,1
87,40,43,1
87,47,43,1
87,50,43,1
87,59,43,1
87,65,43,1
87,69,43,1
87,73,43,1
87,74,43,1
87,78,43,1
87,86,43,1
87,87,43,1
87,89,43,1
87,91,43,1
87,92,43,1
87,98,43,1
87,102,43,1
87,105,43,1
87,108,43,1
87,110,43,1
87,125,43,1
87,130,43,1
88,86,1,1
88,0,4,1
88,7,4,1
88,29,4,1
88,37,4,1
88,40,4,1
88,50,4,1
88,74,4,1
88,87,4,1
88,92,4,1
88,105,4,1
88,1,26,1
88,49,26,1
88,97,26,1
88,120,26,1
88,16,27,1
88,96,27,1
88,4,32,1
88,10,32,1
88,14,32,1
88,15,32,1
88,17,32,1
88,22,32,1
88,24,32,1
88,28,32,1
88,29,32,1
88,30,32,1
88,31,32,1
88,32,32,1
88,34,32,1
88,40,32,1
88,43,32,1
88,44,32,1
88,48,32,1
88,50,32,1
88,59,32,1
88,64,32,1
88,67,32,1
88,71,32,1
88,72,32,1
88,75,32,1
88,81,32,1
88,86,32,1
88,87,32,1
88,89,32,1
88,91,32,1
88,92,32,1
88,93,32,1
88,94,32,1
88,98,32,1
88,99,32,1
88,101,32,1
88,102,32,1
88,104,32,1
88,105,32,1
88,107,32,1
88,110,32,1
88,116,32,1
88,117,32,1
88,127,32,1
88,129,32,1
88,134,32,1
88,16,33,1
88,39,33,1
88,96,33,1
88,130,33,1
88,121,48,1
89,3,1,1
89,6,1,1
89,9,1,1
89,11,1,1
89,12,1,1
89,14,1,1
89,18,1,1
89,28,1,1
89,29,1,1
89,34,1,1
89,40,1,1
89,50,1,1
89,53,1,1
89,57,1,1
89,59,1,1
89,68,1,1
89,77,1,1
89,83,1,1
89,86,1,1
89,87,1,1
89,89,1,1
89,91,1,1
89,92,1,1
89,98,1,1
89,100,1,1
89,101,1,1
89,102,1,1
89,105,1,1
89,110,1,1
89,111,1,1
89,119,1,1
89,122,1,1
89,132,1,1
89,133,1,1
89,59,8,1
89,89,8,1
89,110,8,1
89,14,26,1
89,49,26,1
89,91,26,1
89,108,26,1
89,110,26,1
89,16,27,1
89,96,27,1
89,129,34,1
89,28,38,1
89,59,38,1
89,86,38,1
89,89,38,1
89,98,38,1
89,102,38,1
89,110,38,1
89,3,40,1
89,6,40,1
89,9,40,1
89,11,40,1
89,12,40,1
89,14,40,1
89,18,40,1
89,28,40,1
89,29,40,1
89,40,40,1
89,50,40,1
89,53,40,1
89,57,40,1
89,59,40,1
89,68,40,1
89,77,40,1
89,83,40,1
89,86,40,1
89,87,40,1
89,89,40,1
89,91,40,1
89,92,40,1
89,98,40,1
89,100,40,1
89,102,40,1
89,105,40,1
89,110,40,1
89,111,40,1
89,119,40,1
89,122,40,1
89,132,40,1
89,133,40,1
89,15,41,1
89,22,41,1
89,48,41,1
89,67,41,1
89,71,41,1
89,93,41,1
89,117,41,1
89,134,41,1
89,0,43,1
89,7,43,1
89,14,43,1
89,28,43,1
89,29,43,1
89,37,43,1
89,40,43,1
89,47,43,1
89,50,43,1
89,59,43,1
89,69,43,1
89,74,43,1
89,86,43,1
89,87,43,1
89,89,43,1
89,91,43,1
89,92,43,1
89,98,43,1
89,102,43,1
89,105,43,1
89,108,43,1
89,110,43,1
90,36,26,1
90,46,26,1
90,70,26,1
90,126,26,1
90,16,27,1
90,96,27,1
90,86,43,1
91,14,1,1
91,28,1,1
91,29,1,1
91,40,1,1
91,50,1,1
91,59,1,1
91,86,1,1
91,87,1,1
91,89,1,1
91,91,1,1
91,92,1,1
91,98,1,1
91,102,1,1
91,105,1,1
91,110,1,1
91,49,26,1
91,108,26,1
91,16,27,1
91,96,27,1
91,14,40,1
91,28,40,1
91,29,40,1
91,40,40,1
91,50,40,1
91,59,40,1
91,86,40,1
91,87,40,1
91,89,40,1
91,91,40,1
91,92,40,1
91,98,40,1
91,102,40,1
91,105,40,1
91,110,40,1
91,0,43,1
91,7,43,1
91,14,43,1
91,28,43,1
91,29,43,1
91,37,43,1
91,40,43,1
91,47,43,1
91,50,43,1
91,59,43,1
91,69,43,1
91,74,43,1
91,86,43,1
91,87,43,1
91,89,43,1
91,91,43,1
91,92,43,1
91,98,43,1
91,102,43,1
91,105,43,1
91,108,43,1
91,110,43,1
92,3,1,1
92,6,1,1
92,9,1,1
92,11,1,1
92,12,1,1
92,14,1,1
92,18,1,1
92,28,1,1
92,29,1,1
92,40,1,1
92,50,1,1
92,53,1,1
92,57,1,1
92,59,1,1
92,68,1,1
92,77,1,1
92,83,1,1
92,86,1,1
92,87,1,1
92,89,1,1
92,91,1,1
92,92,1,1
92,98,1,1
92,100,1,1
92,102,1,1
92,105,1,1
92,110,1,1
92,111,1,1
92,119,1,1
92,122,1,1
92,132,1,1
92,133,1,1
92,29,4,1
92,34,4,1
92,50,4,1
92,92,4,1
92,101,4,1
92,105,4,1
92,0,8,1
92,7,8,1
92,29,8,1
92,37,8,1
92,50,8,1
92,74,8,1
92,92,8,1
92,105,8,1
92,0,9,1
92,7,9,1
92,29,9,1
92,37,9,1
92,40,9,1
92,50,9,1
92,74,9,1
92,87,9,1
92,92,9,1
92,105,9,1
92,29,15,1
92,40,15,1
92,50,15,1
92,87,15,1
92,92,15,1
92,105,15,1
92,14,26,1
92,40,26,1
92,49,26,1
92,91,26,1
92,105,26,1
92,108,26,1
92,16,27,1
92,96,27,1
92,28,30,1
92,29,30,1
92,40,30,1
92,50,30,1
92,59,30,1
92,74,30,1
92,86,30,1
92,87,30,1
92,89,30,1
92,92,30,1
92,98,30,1
92,102,30,1
92,105,30,1
92,110,30,1
92,2,34,1
92,40,34,1
92,51,34,1
92,62,34,1
92,74,34,1
92,87,34,1
92,92,34,1
92,106,34,1
92,112,34,1
92,114,34,1
92,29,38,1
92,40,38,1
92,50,38,1
92,87,38,1
92,92,38,1
92,105,38,1
92,3,40,1
92,6,40,1
92,9,40,1
92,11,40,1
92,12,40,1
92,14,40,1
92,18,40,1
92,28,40,1
92,29,40,1
92,40,40,1
92,50,40,1
92,53,40,1
92,57,40,1
92,59,40,1
92,68,40,1
92,77,40,1
92,83,40,1
92,86,40,1
92,87,40,1
92,89,40,1
92,91,40,1
92,92,40,1
92,98,40,1
92,100,40,1
92,102,40,1
92,105,40,1
92,110,40,1
92,111,40,1
92,119,40,1
92,122,40,1
92,132,40,1
92,133,40,1
92,15,41,1
92,22,41,1
92,48,41,1
92,67,41,1
92,71,41,1
92,93,41,1
92,117,41,1
92,131,41,1
92,134,41,1
92,0,43,1
92,7,43,1
92,13,43,1
92,14,43,1
92,28,43,1
92,29,43,1
92,37,43,1
92,39,43,1
92,40,43,1
92,47,43,1
92,50,43,1
92,59,43,1
92,65,43,1
92,69,43,1
92,73,43,1
92,74,43,1
92,78,43,1
92,86,43,1
92,87,43,1
92,89,43,1
92,91,43,1
92,92,43,1
92,98,43,1
92,102,43,1
92,105,43,1
92,108,43,1
92,110,43,1
92,125,43,1
92,130,43,1
93,14,1,1
93,28,1,1
93,29,1,1
93,40,1,1
93,50,1,1
93,59,1,1
93,86,1,1
93,87,1,1
93,89,1,1
93,91,1,1
93,92,1,1
93,98,1,1
93,102,1,1
93,105,1,1
93,110,1,1
93,133,4,1
93,0,7,1
93,7,7,1
93,29,7,1
93,37,7,1
93,40,7,1
93,50,7,1
93,74,7,1
93,87,7,1
93,92,7,1
93,105,7,1
93,0,9,1
93,7,9,1
93,14,9,1
93,28,9,1
93,29,9,1
93,37,9,1
93,40,9,1
93,50,9,1
93,59,9,1
93,74,9,1
93,86,9,1
93,87,9,1
93,89,9,1
93,92,9,1
93,98,9,1
93,102,9,1
93,105,9,1
93,110,9,1
93,20,19,1
93,26,19,1
93,27,19,1
93,28,19,1
93,45,19,1
93,55,19,1
93,58,19,1
93,59,19,1
93,86,19,1
93,89,19,1
93,98,19,1
93,102,19,1
93,110,19,1
93,131,19,1
93,35,23,1
93,30,24,1
93,48,24,1
93,64,24,1
93,67,24,1
93,71,24,1
93,72,24,1
93,93,24,1
93,117,24,1
93,134,24,1
93,15,26,1
93,30,26,1
93,31,26,1
93,46,26,1
93,109,26,1
93,128,26,1
93,16,27,1
93,96,27,1
94,14,1,1
94,28,1,1
94,29,1,1
94,40,1,1
94,50,1,1
94,59,1,1
94,86,1,1
94,87,1,1
94,89,1,1
94,91,1,1
94,92,1,1
94,98,1,1
94,102,1,1
94,105,1,1
94,110,1,1
94,0,7,1
94,7,7,1
94,29,7,1
94,37,7,1
94,40,7,1
94,50,7,1
94,74,7,1
94,87,7,1
94,92,7,1
94,105,7,1
94,35,23,1
94,4,24,1
94,10,24,1
94,15,24,1
94,17,24,1
94,24,24,1
94,30,24,1
94,31,24,1
94,43,24,1
94,44,24,1
94,48,24,1
94,64,24,1
94,67,24,1
94,71,24,1
94,72,24,1
94,75,24,1
94,81,24,1
94,93,24,1
94,94,24,1
94,104,24,1
94,107,24,1
94,117,24,1
94,127,24,1
94,134,24,1
94,30,26,1
94,32,26,1
94,46,26,1
94,99,26,1
94,109,26,1
94,128,26,1
94,16,27,1
94,96,27,1
95,36,26,1
95,46,26,1
95,70,26,1
95,90,26,1
95,126,26,1
95,16,27,1
95,96,27,1
95,95,35,1
95,58,42,1
95,94,42,1
95,86,43,1
96,96,10,1
96,36,26,1
96,46,26,1
96,16,27,1
96,96,27,1
97,0,4,1
97,7,4,1
97,29,4,1
97,37,4,1
97,40,4,1
97,50,4,1
97,74,4,1
97,87,4,1
97,92,4,1
97,105,4,1
97,1,26,1
97,49,26,1
97,16,27,1
97,96,27,1
97,16,33,1
97,96,33,1
98,3,1,1
98,6,1,1
98,9,1,1
98,11,1,1
98,12,1,1
98,14,1,1
98,18,1,1
98,28,1,1
98,29,1,1
98,34,1,1
98,40,1,1
98,50,1,1
98,53,1,1
98,57,1,1
98,59,1,1
98,68,1,1
98,77,1,1
98,83,1,1
98,86,1,1
98,87,1,1
98,89,1,1
98,91,1,1
98,92,1,1
98,98,1,1
98,100,1,1
98,101,1,1
98,102,1,1
98,105,1,1
98,110,1,1
98,111,1,1
98,119,1,1
98,122,1,1
98,132,1,1
98,133,1,1
98,28,8,1
98,59,8,1
98,89,8,1
98,98,8,1
98,110,8,1
98,129,10,1
98,98,15,1
98,14,26,1
98,49,26,1
98,91,26,1
98,108,26,1
98,110,26,1
98,16,27,1
98,96,27,1
98,86,34,1
98,102,34,1
98,129,34,1
98,28,38,1
98,59,38,1
98,86,38,1
98,89,38,1
98,98,38,1
98,102,38,1
98,110,38,1
98,3,40,1
98,6,40,1
98,9,40,1
98,11,40,1
98,12,40,1
98,14,40,1
98,18,40,1
98,28,40,1
98,29,40,1
98,40,40,1
98,50,40,1
98,53,40,1
98,57,40,1
98,59,40,1
98,68,40,1
98,77,40,1
98,83,40,1
98,86,40,1
98,87,40,1
98,89,40,1
98,91,40,1
98,92,40,1
98,98,40,1
98,100,40,1
98,102,40,1
98,105,40,1
98,110,40,1
98,111,40,1
98,119,40,1
98,122,40,1
98,132,40,1
98,133,40,1
98,15,41,1
98,22,41,1
98,48,41,1
98,67,41,1
98,71,41,1
98,93,41,1
98,117,41,1
98,134,41,1
98,0,43,1
98,7,43,1
98,14,43,1
98,28,43,1
98,29,43,1
98,37,43,1
98,40,43,1
98,47,43,1
98,50,43,1
98,59,43,1
98,69,43,1
98,74,43,1
98,86,43,1
98,87,43,1
98,89,43,1
98,91,43,1
98,92,43,1
98,98,43,1
98,102,43,1
98,105,43,1
98,108,43,1
98,110,43,1
99,14,1,1
99,28,1,1
99,29,1,1
99,40,1,1
99,50,1,1
99,59,1,1
99,86,1,1
99,87,1,1
99,89,1,1
99,91,1,1
99,92,1,1
99,98,1,1
99,102,1,1
99,105,1,1
99,110,1,1
99,0,7,1
99,7,7,1
99,29,7,1
99,37,7,1
99,40,7,1
99,50,7,1
99,74,7,1
99,87,7,1
99,92,7,1
99,105,7,1
99,35,23,1
99,4,24,1
99,10,24,1
99,15,24,1
99,17,24,1
99,24,24,1
99,30,24,1
99,31,24,1
99,43,24,1
99,44,24,1
99,48,24,1
99,64,24,1
99,67,24,1
99,71,24,1
99,72,24,1
99,75,24,1
99,81,24,1
99,93,24,1
99,94,24,1
99,99,24,1
99,104,24,1
99,107,24,1
99,117,24,1
99,127,24,1
99,134,24,1
99,30,26,1
99,32,26,1
99,46,26,1
99,109,26,1
99,128,26,1
99,16,27,1
99,96,27,1
100,100,24,1
100,46,26,1
100,109,26,1
100,16,27,1
100,96,27,1
101,101,4,1
101,34,15,1
101,101,15,1
101,36,26,1
101,46,26,1
101,16,27,1
101,96,27,1
101,28,30,1
101,59,30,1
101,86,30,1
101,89,30,1
101,98,30,1
101,102,30,1
101,110,30,1
101,28,31,1
101,59,31,1
101,86,31,1
101,89,31,1
101,98,31,1
101,102,31,1
101,110,31,1
101,3,42,1
101,6,42,1
101,9,42,1
101,11,42,1
101,12,42,1
101,18,42,1
101,53,42,1
101,57,42,1
101,68,42,1
101,77,42,1
101,83,42,1
101,100,42,1
101,111,42,1
101,119,42,1
101,122,42,1
101,132,42,1
101,133,42,1
101,14,43,1
101,28,43,1
101,29,43,1
101,40,43,1
101,47,43,1
101,50,43,1
101,59,43,1
101,69,43,1
101,74,43,1
101,86,43,1
101,87,43,1
101,89,43,1
101,91,43,1
101,92,43,1
101,98,43,1
101,102,43,1
101,105,43,1
101,108,43,1
101,110,43,1
102,3,1,1
102,6,1,1
102,9,1,1
102,11,1,1
102,12,1,1
102,14,1,1
102,18,1,1
102,28,1,1
102,29,1,1
102,34,1,1
102,40,1,1
102,50,1,1
102,53,1,1
102,57,1,1
102,59,1,1
102,68,1,1
102,77,1,1
102,83,1,1
102,86,1,1
102,87,1,1
102,89,1,1
102,91,1,1
102,92,1,1
102,98,1,1
102,100,1,1
102,101,1,1
102,102,1,1
102,105,1,1
102,110,1,1
102,111,1,1
102,119,1,1
102,122,1,1
102,132,1,1
102,133,1,1
102,28,8,1
102,59,8,1
102,86,8,1
102,89,8,1
102,98,8,1
102,102,8,1
102,110,8,1
102,129,10,1
102,86,15,1
102,102,15,1
102,14,26,1
102,49,26,1
102,91,26,1
102,108,26,1
102,110,26,1
102,16,27,1
102,96,27,1
102,129,34,1
102,28,38,1
102,59,38,1
102,86,38,1
102,89,38,1
102,98,38,1
102,102,38,1
102,110,38,1
102,3,40,1
102,6,40,1
102,9,40,1
102,11,40,1
102,12,40,1
102,14,40,1
102,18,40,1
102,28,40,1
102,29,40,1
102,40,40,1
102,50,40,1
102,53,40,1
102,57,40,1
102,59,40,1
102,68,40,1
102,77,40,1
102,83,40,1
102,86,40,1
102,87,40,1
102,89,40,1
102,91,40,1
102,92,40,1
102,98,40,1
102,100,40,1
102,102,40,1
102,105,40,1
102,110,40,1
102,111,40,1
102,119,40,1
102,122,40,1
102,132,40,1
102,133,40,1
102,2,41,1
102,15,41,1
102,22,41,1
102,48,41,1
102,51,41,1
102,67,41,1
102,71,41,1
102,93,41,1
102,117,41,1
102,134,41,1
102,0,43,1
102,7,43,1
102,14,43,1
102,28,43,1
102,29,43,1
102,37,43,1
102,40,43,1
102,47,43,1
102,50,43,1
102,59,43,1
102,69,43,1
102,74,43,1
102,86,43,1
102,87,43,1
102,89,43,1
102,91,43,1
102,92,43,1
102,98,43,1
102,102,43,1
102,105,43,1
102,108,43,1
102,110,43,1
103,39,6,1
103,42,6,1
103,61,6,1
103,65,6,1
103,78,6,1
103,88,6,1
103,97,6,1
103,120,6,1
103,130,6,1
103,36,26,1
103,46,26,1
103,16,27,1
103,96,27,1
103,39,28,1
103,42,28,1
103,61,28,1
103,65,28,1
103,78,28,1
103,88,28,1
103,97,28,1
103,120,28,1
103,130,28,1
103,33,41,1
103,76,41,1
103,118,41,1
104,14,1,1
104,28,1,1
104,29,1,1
104,40,1,1
104,50,1,1
104,59,1,1
104,86,1,1
104,87,1,1
104,89,1,1
104,91,1,1
104,92,1,1
104,98,1,1
104,102,1,1
104,105,1,1
104,110,1,1
104,0,7,1
104,7,7,1
104,29,7,1
104,37,7,1
104,40,7,1
104,50,7,1
104,74,7,1
104,87,7,1
104,92,7,1
104,105,7,1
104,35,23,1
104,4,24,1
104,10,24,1
104,15,24,1
104,17,24,1
104,24,24,1
104,30,24,1
104,31,24,1
104,43,24,1
104,44,24,1
104,48,24,1
104,64,24,1
104,67,24,1
104,71,24,1
104,72,24,1
104,75,24,1
104,81,24,1
104,93,24,1
104,104,24,1
104,107,24,1
104,117,24,1
104,127,24,1
104,134,24,1
104,30,26,1
104,32,26,1
104,46,26,1
104,99,26,1
104,109,26,1
104,128,26,1
104,16,27,1
104,96,27,1
105,3,1,1
105,6,1,1
105,9,1,1
105,11,1,1
105,12,1,1
105,14,1,1
105,18,1,1
105,28,1,1
105,29,1,1
105,40,1,1
105,50,1,1
105,53,1,1
105,57,1,1
105,59,1,1
105,68,1,1
105,77,1,1
105,83,1,1
105,86,1,1
105,87,1,1
105,89,1,1
105,91,1,1
105,92,1,1
105,98,1,1
105,100,1,1
105,102,1,1
105,105,1,1
105,110,1,1
105,111,1,1
105,119,1,1
105,122,1,1
105,132,1,1
105,133,1,1
105,34,4,1
105,101,4,1
105,105,4,1
105,0,8,1
105,7,8,1
105,37,8,1
105,74,8,1
105,105,8,1
105,0,9,1
105,7,9,1
105,29,9,1
105,37,9,1
105,40,9,1
105,50,9,1
105,74,9,1
105,87,9,1
105,92,9,1
105,105,9,1
105,29,15,1
105,40,15,1
105,50,15,1
105,87,15,1
105,92,15,1
105,105,15,1
105,14,26,1
105,49,26,1
105,91,26,1
105,108,26,1
105,16,27,1
105,96,27,1
105,28,30,1
105,29,30,1
105,40,30,1
105,50,30,1
105,59,30,1
105,74,30,1
105,86,30,1
105,87,30,1
105,89,30,1
105,92,30,1
105,98,30,1
105,102,30,1
105,105,30,1
105,110,30,1
105,2,34,1
105,40,34,1
105,51,34,1
105,62,34,1
105,74,34,1
105,87,34,1
105,92,34,1
105,106,34,1
105,112,34,1
105,114,34,1
105,29,38,1
105,40,38,1
105,50,38,1
105,87,38,1
105,92,38,1
105,105,38,1
105,3,40,1
105,6,40,1
105,9,40,1
105,11,40,1
105,12,40,1
105,14,40,1
105,18,40,1
105,28,40,1
105,29,40,1
105,40,40,1
105,50,40,1
105,53,40,1
105,57,40,1
105,59,40,1
105,68,40,1
105,77,40,1
105,83,40,1
105,86,40,1
105,87,40,1
105,89,40,1
105,91,40,1
105,92,40,1
105,98,40,1
105,100,40,1
105,102,40,1
105,105,40,1
105,110,40,1
105,111,40,1
105,119,40,1
105,122,40,1
105,132,40,1
105,133,40,1
105,15,41,1
105,22,41,1
105,48,41,1
105,67,41,1
105,71,41,1
105,93,41,1
105,117,41,1
105,134,41,1
105,0,43,1
105,7,43,1
105,13,43,1
105,14,43,1
105,28,43,1
105,29,43,1
105,37,43,1
105,39,43,1
105,40,43,1
105,47,43,1
105,50,43,1
105,59,43,1
105,65,43,1
105,69,43,1
105,73,43,1
105,74,43,1
105,78,43,1
105,86,43,1
105,87,43,1
105,89,43,1
105,91,43,1
105,92,43,1
105,98,43,1
105,102,43,1
105,105,43,1
105,108,43,1
105,110,43,1
105,125,43,1
105,130,43,1
106,13,21,1
106,73,21,1
106,125,21,1
106,62,24,1
106,106,24,1
106,36,26,1
106,46,26,1
106,62,26,1
106,16,27,1
106,96,27,1
106,1,36,1
106,13,36,1
106,38,36,1
106,39,36,1
106,42,36,1
106,61,36,1
106,65,36,1
106,73,36,1
106,78,36,1
106,82,36,1
106,88,36,1
106,97,36,1
106,120,36,1
106,125,36,1
106,130,36,1
106,33,41,1
106,35,41,1
106,41,41,1
106,76,41,1
106,84,41,1
106,85,41,1
106,118,41,1
106,121,41,1
106,33,48,1
106,35,48,1
106,41,48,1
106,76,48,1
106,84,48,1
106,85,48,1
106,118,48,1
106,121,48,1
107,14,1,1
107,28,1,1
107,29,1,1
107,40,1,1
107,50,1,1
107,59,1,1
107,86,1,1
107,87,1,1
107,89,1,1
107,91,1,1
107,92,1,1
107,98,1,1
107,102,1,1
107,105,1,1
107,110,1,1
107,0,7,1
107,7,7,1
107,29,7,1
107,37,7,1
107,40,7,1
107,50,7,1
107,74,7,1
107,87,7,1
107,92,7,1
107,105,7,1
107,0,9,1
107,7,9,1
107,14,9,1
107,28,9,1
107,29,9,1
107,37,9,1
107,40,9,1
107,50,9,1
107,59,9,1
107,74,9,1
107,86,9,1
107,87,9,1
107,89,9,1
107,92,9,1
107,98,9,1
107,102,9,1
107,105,9,1
107,110,9,1
107,29,18,1
107,40,18,1
107,50,18,1
107,87,18,1
107,92,18,1
107,105,18,1
107,20,19,1
107,26,19,1
107,27,19,1
107,28,19,1
107,45,19,1
107,55,19,1
107,58,19,1
107,59,19,1
107,86,19,1
107,89,19,1
107,98,19,1
107,102,19,1
107,110,19,1
107,131,19,1
107,35,23,1
107,10,24,1
107,15,24,1
107,17,24,1
107,30,24,1
107,48,24,1
107,64,24,1
107,67,24,1
107,71,24,1
107,72,24,1
107,93,24,1
107,107,24,1
107,117,24,1
107,134,24,1
107,30,26,1
107,31,26,1
107,46,26,1
107,109,26,1
107,128,26,1
107,16,27,1
107,96,27,1
107,29,39,1
107,40,39,1
107,50,39,1
107,87,39,1
107,92,39,1
107,105,39,1
107,0,46,1
107,7,46,1
107,29,46,1
107,37,46,1
107,40,46,1
107,50,46,1
107,74,46,1
107,87,46,1
107,92,46,1
107,105,46,1
107,124,46,1
108,49,26,1
108,16,27,1
108,96,27,1
108,0,43,1
108,7,43,1
108,14,43,1
108,28,43,1
108,29,43,1
108,37,43,1
108,40,43,1
108,47,43,1
108,50,43,1
108,59,43,1
108,69,43,1
108,74,43,1
108,86,43,1
108,87,43,1
108,89,43,1
108,91,43,1
108,92,43,1
108,98,43,1
108,102,43,1
108,105,43,1
108,108,43,1
108,110,43,1
109,46,26,1
109,16,27,1
109,96,27,1
110,3,1,1
110,6,1,1
110,9,1,1
110,11,1,1
110,12,1,1
110,14,1,1
110,18,1,1
110,28,1,1
110,29,1,1
110,34,1,1
110,40,1,1
110,50,1,1
110,53,1,1
110,57,1,1
110,59,1,1
110,68,1,1
110,77,1,1
110,83,1,1
110,86,1,1
110,87,1,1
110,89,1,1
110,91,1,1
110,92,1,1
110,98,1,1
110,100,1,1
110,101,1,1
110,102,1,1
110,105,1,1
110,110,1,1
110,111,1,1
110,119,1,1
110,122,1,1
110,132,1,1
110,133,1,1
110,110,8,1
110,14,26,1
110,49,26,1
110,91,26,1
110,108,26,1
110,16,27,1
110,96,27,1
110,129,34,1
110,28,38,1
110,59,38,1
110,86,38,1
110,89,38,1
110,98,38,1
110,102,38,1
110,110,38,1
110,3,40,1
110,6,40,1
110,9,40,1
110,11,40,1
110,12,40,1
110,14,40,1
110,18,40,1
110,28,40,1
110,29,40,1
110,40,40,1
110,50,40,1
110,53,40,1
110,57,40,1
110,59,40,1
110,68,40,1
110,77,40,1
110,83,40,1
110,86,40,1
110,87,40,1
110,89,40,1
110,91,40,1
110,92,40,1
110,98,40,1
110,100,40,1
110,102,40,1
110,105,40,1
110,110,40,1
110,111,40,1
110,119,40,1
110,122,40,1
110,132,40,1
110,133,40,1
110,15,41,1
110,22,41,1
110,48,41,1
110,67,41,1
110,71,41,1
110,93,41,1
110,117,41,1
110,134,41,1
110,0,43,1
110,7,43,1
110,14,43,1
110,28,43,1
110,29,43,1
110,37,43,1
110,40,43,1
110,47,43,1
110,50,43,1
110,59,43,1
110,69,43,1
110,74,43,1
110,86,43,1
110,87,43,1
110,89,43,1
110,91,43,1
110,92,43,1
110,98,43,1
110,102,43,1
110,105,43,1
110,108,43,1
110,110,43,1
111,3,24,1
111,6,24,1
111,9,24,1
111,11,24,1
111,12,24,1
111,18,24,1
111,53,24,1
111,57,24,1
111,68,24,1
111,77,24,1
111,83,24,1
111,100,24,1
111,111,24,1
111,119,24,1
111,122,24,1
111,132,24,1
111,133,24,1
111,46,26,1
111,100,26,1
111,109,26,1
111,16,27,1
111,96,27,1
111,15,28,1
111,48,28,1
111,67,28,1
111,71,28,1
111,93,28,1
111,117,28,1
111,134,28,1
112,0,4,1
112,7,4,1
112,29,4,1
112,37,4,1
112,40,4,1
112,50,4,1
112,74,4,1
112,87,4,1
112,92,4,1
112,105,4,1
112,13,21,1
112,73,21,1
112,125,21,1
112,2,24,1
112,51,24,1
112,62,24,1
112,106,24,1
112,112,24,1
112,36,26,1
112,46,26,1
112,62,26,1
112,16,27,1
112,96,27,1
112,1,36,1
112,13,36,1
112,38,36,1
112,39,36,1
112,42,36,1
112,61,36,1
112,65,36,1
112,73,36,1
112,78,36,1
112,82,36,1
112,88,36,1
112,97,36,1
112,120,36,1
112,125,36,1
112,130,36,1
112,33,41,1
112,35,41,1
112,41,41,1
112,76,41,1
112,84,41,1
112,85,41,1
112,118,41,1
112,121,41,1
112,33,48,1
112,35,48,1
112,41,48,1
112,76,48,1
112,84,48,1
112,85,48,1
112,118,48,1
112,121,48,1
113,39,6,1
113,42,6,1
113,61,6,1
113,65,6,1
113,78,6,1
113,88,6,1
113,97,6,1
113,120,6,1
113,130,6,1
113,36,26,1
113,46,26,1
113,103,26,1
113,16,27,1
113,96,27,1
113,39,28,1
113,42,28,1
113,61,28,1
113,65,28,1
113,78,28,1
113,88,28,1
113,97,28,1
113,120,28,1
113,130,28,1
113,33,41,1
113,76,41,1
113,118,41,1
114,29,18,1
114,40,18,1
114,50,18,1
114,87,18,1
114,92,18,1
114,105,18,1
114,13,21,1
114,73,21,1
114,125,21,1
114,2,24,1
114,51,24,1
114,62,24,1
114,106,24,1
114,112,24,1
114,114,24,1
114,36,26,1
114,46,26,1
114,62,26,1
114,16,27,1
114,96,27,1
114,66,29,1
114,103,29,1
114,113,29,1
114,123,29,1
114,1,36,1
114,13,36,1
114,38,36,1
114,39,36,1
114,42,36,1
114,61,36,1
114,65,36,1
114,73,36,1
114,78,36,1
114,82,36,1
114,88,36,1
114,97,36,1
114,120,36,1
114,125,36,1
114,130,36,1
114,16,37,1
114,96,37,1
114,33,41,1
114,35,41,1
114,41,41,1
114,76,41,1
114,84,41,1
114,85,41,1
114,118,41,1
114,121,41,1
114,106,46,1
114,33,48,1
114,35,48,1
114,41,48,1
114,76,48,1
114,84,48,1
114,85,48,1
114,118,48,1
114,121,48,1
115,1,20,1
115,13,20,1
115,38,20,1
115,39,20,1
115,42,20,1
115,61,20,1
115,65,20,1
115,73,20,1
115,78,20,1
115,82,20,1
115,88,20,1
115,97,20,1
115,120,20,1
115,125,20,1
115,130,20,1
115,36,26,1
115,46,26,1
115,70,26,1
115,16,27,1
115,96,27,1
115,86,43,1
116,130,10,1
116,36,26,1
116,46,26,1
116,70,26,1
116,16,27,1
116,96,27,1
116,5,31,1
116,19,31,1
116,21,31,1
116,25,31,1
116,28,31,1
116,59,31,1
116,60,31,1
116,86,31,1
116,89,31,1
116,90,31,1
116,95,31,1
116,98,31,1
116,102,31,1
116,110,31,1
116,126,31,1
116,86,43,1
117,14,1,1
117,28,1,1
117,29,1,1
117,40,1,1
117,50,1,1
117,59,1,1
117,86,1,1
117,87,1,1
117,89,1,1
117,91,1,1
117,92,1,1
117,98,1,1
117,102,1,1
117,105,1,1
117,110,1,1
117,133,4,1
117,0,7,1
117,7,7,1
117,29,7,1
117,37,7,1
117,40,7,1
117,50,7,1
117,74,7,1
117,87,7,1
117,92,7,1
117,105,7,1
117,0,9,1
117,7,9,1
117,14,9,1
117,28,9,1
117,29,9,1
117,37,9,1
117,40,9,1
117,50,9,1
117,59,9,1
117,74,9,1
117,86,9,1
117,87,9,1
117,89,9,1
117,92,9,1
117,98,9,1
117,102,9,1
117,105,9,1
117,110,9,1
117,20,19,1
117,26,19,1
117,27,19,1
117,28,19,1
117,45,19,1
117,55,19,1
117,58,19,1
117,59,19,1
117,86,19,1
117,89,19,1
117,98,19,1
117,102,19,1
117,110,19,1
117,131,19,1
117,35,23,1
117,30,24,1
117,64,24,1
117,72,24,1
117,117,24,1
117,15,26,1
117,30,26,1
117,31,26,1
117,46,26,1
117,109,26,1
117,128,26,1
117,16,27,1
117,96,27,1
118,2,1,1
118,51,1,1
118,62,1,1
118,66,1,1
118,103,1,1
118,106,1,1
118,112,1,1
118,113,1,1
118,114,1,1
118,123,1,1
118,36,26,1
118,46,26,1
118,76,26,1
118,16,27,1
118,96,27,1
119,13,21,1
119,73,21,1
119,125,21,1
119,11,24,1
119,68,24,1
119,83,24,1
119,100,24,1
119,119,24,1
119,9,26,1
119,46,26,1
119,100,26,1
119,109,26,1
119,132,26,1
119,16,27,1
119,96,27,1
120,86,1,1
120,0,4,1
120,7,4,1
120,29,4,1
120,37,4,1
120,40,4,1
120,50,4,1
120,74,4,1
120,87,4,1
120,92,4,1
120,105,4,1
120,1,26,1
120,49,26,1
120,97,26,1
120,16,27,1
120,96,27,1
120,4,32,1
120,10,32,1
120,14,32,1
120,15,32,1
120,17,32,1
120,22,32,1
120,24,32,1
120,28,32,1
120,29,32,1
120,30,32,1
120,31,32,1
120,32,32,1
120,34,32,1
120,40,32,1
120,43,32,1
120,44,32,1
120,48,32,1
120,50,32,1
120,59,32,1
120,64,32,1
120,67,32,1
120,71,32,1
120,72,32,1
120,75,32,1
120,81,32,1
120,86,32,1
120,87,32,1
120,89,32,1
120,91,32,1
120,92,32,1
120,93,32,1
120,94,32,1
120,98,32,1
120,99,32,1
120,101,32,1
120,102,32,1
120,104,32,1
120,105,32,1
120,107,32,1
120,110,32,1
120,116,32,1
120,117,32,1
120,127,32,1
120,129,32,1
120,134,32,1
120,16,33,1
120,96,33,1
120,121,48,1
121,0,7,1
121,7,7,1
121,29,7,1
121,37,7,1
121,40,7,1
121,50,7,1
121,74,7,1
121,87,7,1
121,92,7,1
121,105,7,1
121,46,26,1
121,84,26,1
121,109,26,1
121,16,27,1
121,96,27,1
122,29,7,1
122,40,7,1
122,50,7,1
122,87,7,1
122,92,7,1
122,105,7,1
122,6,24,1
122,9,24,1
122,11,24,1
122,12,24,1
122,18,24,1
122,53,24,1
122,68,24,1
122,77,24,1
122,83,24,1
122,100,24,1
122,119,24,1
122,122,24,1
122,132,24,1
122,46,26,1
122,100,26,1
122,109,26,1
122,16,27,1
122,96,27,1
122,15,28,1
122,48,28,1
122,67,28,1
122,71,28,1
122,93,28,1
122,117,28,1
122,134,28,1
123,39,6,1
123,42,6,1
123,61,6,1
123,65,6,1
123,78,6,1
123,88,6,1
123,97,6,1
123,120,6,1
123,130,6,1
123,36,26,1
123,46,26,1
123,103,26,1
123,16,27,1
123,96,27,1
123,39,28,1
123,42,28,1
123,61,28,1
123,65,28,1
123,78,28,1
123,88,28,1
123,97,28,1
123,120,28,1
123,130,28,1
123,106,29,1
123,33,41,1
123,76,41,1
123,118,41,1
124,0,4,1
124,7,4,1
124,29,4,1
124,37,4,1
124,40,4,1
124,50,4,1
124,74,4,1
124,87,4,1
124,92,4,1
124,105,4,1
124,52,8,1
124,124,8,1
124,124,15,1
124,0,18,1
124,7,18,1
124,29,18,1
124,37,18,1
124,40,18,1
124,50,18,1
124,74,18,1
124,87,18,1
124,92,18,1
124,105,18,1
124,14,20,1
124,28,20,1
124,29,20,1
124,34,20,1
124,40,20,1
124,50,20,1
124,59,20,1
124,86,20,1
124,87,20,1
124,89,20,1
124,92,20,1
124,98,20,1
124,101,20,1
124,102,20,1
124,105,20,1
124,110,20,1
124,36,26,1
124,46,26,1
124,52,26,1
124,16,27,1
124,96,27,1
124,0,30,1
124,7,30,1
124,14,30,1
124,28,30,1
124,29,30,1
124,37,30,1
124,40,30,1
124,50,30,1
124,59,30,1
124,74,30,1
124,86,30,1
124,87,30,1
124,89,30,1
124,92,30,1
124,98,30,1
124,102,30,1
124,105,30,1
124,110,30,1
125,13,1,1
125,73,1,1
125,86,1,1
125,125,1,1
125,2,4,1
125,16,4,1
125,34,4,1
125,51,4,1
125,60,4,1
125,62,4,1
125,63,4,1
125,96,4,1
125,101,4,1
125,106,4,1
125,112,4,1
125,114,4,1
125,125,10,1
125,1,26,1
125,13,26,1
125,49,26,1
125,16,27,1
125,96,27,1
125,86,30,1
125,87,30,1
125,86,43,1
126,36,26,1
126,46,26,1
126,70,26,1
126,16,27,1
126,96,27,1
126,86,43,1
127,14,1,1
127,28,1,1
127,29,1,1
127,40,1,1
127,50,1,1
127,59,1,1
127,86,1,1
127,87,1,1
127,89,1,1
127,91,1,1
127,92,1,1
127,98,1,1
127,102,1,1
127,105,1,1
127,110,1,1
127,0,7,1
127,7,7,1
127,29,7,1
127,37,7,1
127,40,7,1
127,50,7,1
127,74,7,1
127,87,7,1
127,92,7,1
127,105,7,1
127,35,23,1
127,10,24,1
127,15,24,1
127,17,24,1
127,30,24,1
127,31,24,1
127,43,24,1
127,44,24,1
127,48,24,1
127,64,24,1
127,67,24,1
127,71,24,1
127,72,24,1
127,75,24,1
127,93,24,1
127,107,24,1
127,117,24,1
127,127,24,1
127,134,24,1
127,30,26,1
127,32,26,1
127,46,26,1
127,81,26,1
127,99,26,1
127,109,26,1
127,128,26,1
127,16,27,1
127,96,27,1
128,0,7,1
128,7,7,1
128,29,7,1
128,37,7,1
128,40,7,1
128,50,7,1
128,74,7,1
128,87,7,1
128,92,7,1
128,105,7,1
128,35,23,1
128,46,26,1
128,109,26,1
128,16,27,1
128,96,27,1
129,28,10,1
129,98,10,1
129,102,10,1
129,129,10,1
129,36,26,1
129,46,26,1
129,70,26,1
129,16,27,1
129,96,27,1
129,86,43,1
130,14,1,1
130,28,1,1
130,29,1,1
130,40,1,1
130,50,1,1
130,59,1,1
130,86,1,1
130,87,1,1
130,89,1,1
130,92,1,1
130,98,1,1
130,102,1,1
130,105,1,1
130,106,1,1
130,110,1,1
130,0,4,1
130,7,4,1
130,29,4,1
130,37,4,1
130,40,4,1
130,50,4,1
130,74,4,1
130,87,4,1
130,92,4,1
130,105,4,1
130,14,9,1
130,28,9,1
130,29,9,1
130,40,9,1
130,50,9,1
130,59,9,1
130,86,9,1
130,87,9,1
130,89,9,1
130,92,9,1
130,98,9,1
130,102,9,1
130,105,9,1
130,110,9,1
130,1,26,1
130,49,26,1
130,65,26,1
130,97,26,1
130,16,27,1
130,96,27,1
130,16,33,1
130,96,33,1
130,130,33,1
130,29,39,1
130,40,39,1
130,50,39,1
130,87,39,1
130,92,39,1
130,105,39,1
130,0,46,1
130,7,46,1
130,29,46,1
130,37,46,1
130,40,46,1
130,50,46,1
130,74,46,1
130,87,46,1
130,92,46,1
130,105,46,1
130,124,46,1
130,10,48,1
130,35,48,1
130,41,48,1
130,54,48,1
130,84,48,1
130,85,48,1
130,107,48,1
130,121,48,1
131,21,0,1
131,131,0,1
131,23,10,1
131,131,13,1
131,22,14,1
131,20,17,1
131,131,17,1
131,8,26,1
131,46,26,1
131,55,26,1
131,109,26,1
131,16,27,1
131,96,27,1
131,0,28,1
131,7,28,1
131,12,28,1
131,14,28,1
131,21,28,1
131,28,28,1
131,29,28,1
131,37,28,1
131,39,28,1
131,40,28,1
131,50,28,1
131,57,28,1
131,59,28,1
131,74,28,1
131,86,28,1
131,87,28,1
131,89,28,1
131,92,28,1
131,98,28,1
131,102,28,1
131,105,28,1
131,110,28,1
131,122,28,1
131,130,28,1
131,133,28,1
131,3,35,1
131,6,35,1
131,9,35,1
131,11,35,1
131,12,35,1
131,18,35,1
131,20,35,1
131,53,35,1
131,57,35,1
131,68,35,1
131,77,35,1
131,83,35,1
131,100,35,1
131,111,35,1
131,119,35,1
131,122,35,1
131,131,35,1
131,132,35,1
131,133,35,1
131,4,41,1
131,15,41,1
131,22,41,1
131,24,41,1
131,43,41,1
131,48,41,1
131,67,41,1
131,71,41,1
131,81,41,1
131,93,41,1
131,94,41,1
131,99,41,1
131,104,41,1
131,117,41,1
131,127,41,1
131,134,41,1
131,21,44,1
131,22,44,1
131,26,44,1
131,27,44,1
131,131,44,1
132,13,21,1
132,73,21,1
132,125,21,1
132,6,24,1
132,11,24,1
132,18,24,1
132,53,24,1
132,68,24,1
132,83,24,1
132,100,24,1
132,119,24,1
132,132,24,1
132,9,26,1
132,46,26,1
132,100,26,1
132,109,26,1
132,16,27,1
132,96,27,1
133,29,7,1
133,40,7,1
133,50,7,1
133,87,7,1
133,92,7,1
133,105,7,1
133,6,24,1
133,9,24,1
133,11,24,1
133,12,24,1
133,18,24,1
133,53,24,1
133,68,24,1
133,77,24,1
133,83,24,1
133,100,24,1
133,119,24,1
133,122,24,1
133,132,24,1
133,133,24,1
133,46,26,1
133,100,26,1
133,109,26,1
133,16,27,1
133,96,27,1
133,15,28,1
133,48,28,1
133,67,28,1
133,71,28,1
133,93,28,1
133,117,28,1
133,134,28,1
134,14,1,1
134,28,1,1
134,29,1,1
134,40,1,1
134,50,1,1
134,59,1,1
134,86,1,1
134,87,1,1
134,89,1,1
134,91,1,1
134,92,1,1
134,98,1,1
134,102,1,1
134,105,1,1
134,110,1,1
134,133,4,1
134,0,7,1
134,7,7,1
134,29,7,1
134,37,7,1
134,40,7,1
134,50,7,1
134,74,7,1
134,87,7,1
134,92,7,1
134,105,7,1
134,0,9,1
134,7,9,1
134,14,9,1
134,28,9,1
134,29,9,1
134,37,9,1
134,40,9,1
134,50,9,1
134,59,9,1
134,74,9,1
134,86,9,1
134,87,9,1
134,89,9,1
134,92,9,1
134,98,9,1
134,102,9,1
134,105,9,1
134,110,9,1
134,20,19,1
134,26,19,1
134,27,19,1
134,28,19,1
134,45,19,1
134,55,19,1
134,58,19,1
134,59,19,1
134,86,19,1
134,89,19,1
134,98,19,1
134,102,19,1
134,110,19,1
134,131,19,1
134,35,23,1
134,30,24,1
134,64,24,1
134,71,24,1
134,72,24,1
134,117,24,1
134,134,24,1
134,15,26,1
134,30,26,1
134,31,26,1
134,46,26,1
134,109,26,1
134,128,26,1
134,16,27,1
134,96,27,1
