/home/duc/Documents/Research/SSVI-TF/venv/bin/python3 /home/duc/Documents/Research/SSVI-TF/Test/SSVI_robust/real/PTF_3D_robust.py
Generating synthetic data ...
Generating synthetic data took:  3.3703293800354004
Tensor dimensions:  [50, 50, 50]
Optimization metrics:
Using Ada Grad
Mean update scheme:  S
Covariance update :  N
k1 samples =  128  k2 samples =  64
eta =  1  cov eta =  0.1  sigma eta =  1
iteration |   time   | test_err | train_err|  d_mean  |   d_cov  |    dw
    50       161.14     0.1474     0.148      3.1623     4.4721      0.0
   100       328.11     0.0749     0.0745     3.1622     0.4636      0.0
   150       496.05     0.0591     0.0586     2.9211      0.0        0.0
   200       664.55     0.054      0.0535     2.3124      0.0        0.0
   250       833.61     0.0482     0.0476     2.0365      0.0        0.0
   300      1003.22     0.0479     0.0473     1.9768      0.0        0.0
   350      1172.79     0.0471     0.0464     2.366       0.0        0.0
   400      1342.13     0.0456     0.045      1.8292      0.0        0.0
   450       1510.9     0.0452     0.0445     1.2399      0.0        0.0
   500      1679.75     0.0451     0.0445     1.3216      0.0        0.0
   550      1848.63     0.045      0.0444     1.5193      0.0        0.0
   600      2017.44     0.0447     0.044      1.4082      0.0        0.0
   650      2186.28     0.0444     0.0437     1.1024      0.0        0.0
   700      2355.18     0.0441     0.0435     1.0573      0.0        0.0
   750      2523.92     0.0443     0.0436     1.2182      0.0        0.0
   800      2692.67     0.0443     0.0436     1.1626      0.0        0.0
   850      2861.71     0.0443     0.0437     1.0553      0.0        0.0
   900      3031.29     0.044      0.0434     0.9214      0.0        0.0
   950      3200.37     0.044      0.0435     0.5829      0.0        0.0
   1000     3369.59     0.0442     0.0435     0.8464      0.0        0.0
   1050     3539.07     0.0446     0.044      0.9785      0.0        0.0
   1100     3707.75     0.044      0.0434     0.8807      0.0        0.0
   1150     3876.36     0.0444     0.0439     1.1302      0.0        0.0
   1200     4045.12     0.044      0.0434     1.0416      0.0        0.0
   1250      4213.9     0.0441     0.0434     0.6334      0.0        0.0
   1300     4382.46     0.044      0.0434     0.9332      0.0        0.0
   1350      4551.3     0.044      0.0433     0.8791      0.0        0.0
   1400     4720.75     0.044      0.0434     0.8412      0.0        0.0
   1450     4889.79     0.0443     0.0436     0.8799      0.0        0.0
   1500     5058.99     0.044      0.0435     0.8467      0.0        0.0
   1550     5227.89     0.0443     0.0436     0.8216      0.0        0.0
   1600     5396.47     0.0438     0.0434     0.7423      0.0        0.0
   1650     5565.22     0.0441     0.0434     1.0996      0.0        0.0
   1700     5734.13     0.0441     0.0435     1.0148      0.0        0.0
   1750     5903.17     0.044      0.0435     1.0245      0.0        0.0
   1800     6072.33     0.0439     0.0432     0.9048      0.0        0.0
   1850     6241.29     0.0438     0.0434     0.9209      0.0        0.0
   1900     6409.94     0.0442     0.0435     1.0664      0.0        0.0
   1950      6578.7     0.0437     0.0432     0.923       0.0        0.0
   2000      6747.5     0.044      0.0434     0.6533      0.0        0.0
   2050     6916.98     0.044      0.0434     0.7131      0.0        0.0
   2100      7085.8     0.0438     0.0432     0.8527      0.0        0.0
   2150     7254.59     0.0438     0.0433     0.7104      0.0        0.0
   2200     7423.38     0.0437     0.0432     0.654       0.0        0.0
   2250     7592.09     0.044      0.0433     0.7342      0.0        0.0
   2300     7760.95     0.0437     0.0431     0.7873      0.0        0.0
   2350     7930.12     0.0439     0.0432     0.7664      0.0        0.0
   2400     8099.03     0.0438     0.0432     0.7238      0.0        0.0
   2450     8267.77     0.0437     0.0431     0.5919      0.0        0.0
   2500     8436.56     0.0438     0.0432     0.6369      0.0        0.0
   2550     8605.41     0.0437     0.0431     0.6344      0.0        0.0
   2600     8774.08     0.0437     0.0432     0.6278      0.0        0.0
   2650     8943.14     0.0437     0.0431     0.7815      0.0        0.0
   2700      9112.3     0.0438     0.0431     0.6639      0.0        0.0
   2750     9281.49     0.0436     0.0431     0.6719      0.0        0.0
   2800     9450.26     0.044      0.0433     0.8124      0.0        0.0