/home/duc/Documents/Research/SSVI-TF/venv/bin/python3 /home/duc/Documents/Research/SSVI-TF/Test/SSVI_d/real/PTF_3D.py
Generating synthetic data ...
Generating synthetic data took:  0.030475854873657227
iteration |   time   | test_err | train_err|  d_mean  |   d_cov  |
   100        1.0       0.0474     0.0452     2.6068     0.0651
   200        2.23      0.0449     0.0418     1.5825     0.0191
   300        3.17      0.0436     0.0404     0.6028     0.0091
   400        4.14      0.0436     0.0402     0.2122     0.0053
   500        5.08      0.0436     0.0402     0.0804     0.0035
   600        6.02      0.0436     0.0401     0.0318     0.0025
   700        6.98      0.0436     0.0402     0.0135     0.0019
   800        7.92      0.0436     0.0401     0.0064     0.0014
   900        8.87      0.0436     0.0401     0.0029     0.0012
   1000       9.81      0.0436     0.0401     0.0014     0.001
   1100      10.75      0.0436     0.0401     0.0006     0.0008
   1200      11.71      0.0436     0.0401     0.0003     0.0007
   1300      12.66      0.0436     0.0401     0.0001     0.0006
   1400      13.61      0.0436     0.0401     0.0001     0.0005
   1500      14.56      0.0436     0.0401      0.0       0.0004
   1600      15.51      0.0436     0.0401      0.0       0.0004
   1700      16.46      0.0436     0.0401      0.0       0.0004
   1800      17.41      0.0436     0.0401      0.0       0.0003
   1900      18.36      0.0436     0.0401      0.0       0.0003
   2000      19.31      0.0436     0.0401      0.0       0.0003
   2100      20.25      0.0436     0.0401      0.0       0.0002
   2200       21.2      0.0436     0.0401      0.0       0.0002
   2300      22.15      0.0436     0.0401      0.0       0.0002
   2400      23.09      0.0436     0.0401      0.0       0.0002
   2500      24.04      0.0436     0.0401      0.0       0.0002
   2600      24.99      0.0436     0.0401      0.0       0.0002
   2700      25.96      0.0436     0.0401      0.0       0.0002
   2800      26.91      0.0436     0.0401      0.0       0.0001
   2900      27.85      0.0436     0.0401      0.0       0.0001
   3000       28.8      0.0436     0.0401      0.0       0.0001
   3100      29.75      0.0436     0.0401      0.0       0.0001
   3200      30.69      0.0436     0.0401      0.0       0.0001
   3300      31.65      0.0436     0.0401      0.0       0.0001