/home/duc/Documents/Research/SSVI-TF/venv/bin/python3 /home/duc/Documents/Research/SSVI-TF/Test/SSVI_d/real/PTF_3D.py
Generating synthetic data ... 
Generating synthetic data took:  3.4955849647521973
Tensor dimensions:  [50, 50, 50]
Optimization metrics: 
Using Ada Grad
Mean update scheme:  S
Covariance update :  N
k1 samples =  128  k2 samples =  64
eta =  1  cov eta =  1  sigma eta =  1
iteration |   time   | test_err | train_err|  d_mean  |   d_cov  | 
    50       59.76      0.1478     0.1485     3.1623     4.4721   
   100       126.37     0.0753     0.0747     3.1615     0.3748   
   150       192.7      0.0601     0.0597     2.9284     0.0843   
   200       259.15     0.0535     0.0529     2.567      0.086    
   250       325.53     0.0501     0.0496     2.2043     0.0551   
   300       392.03     0.0488     0.0484     2.4277     0.0398   
   350       458.46     0.0476     0.0471     2.2627     0.0282   
   400       524.91     0.0462     0.0455     1.9077     0.026    
   450       591.35     0.0453     0.0446     1.6597     0.0273   
   500       657.72     0.0448     0.0442     1.1774     0.0111   
   550       724.01     0.0451     0.0446     1.3361     0.0101   
   600       790.34     0.0446     0.044       1.52      0.0168   
   650       856.43     0.0449     0.0443     1.5549      0.01    
   700       922.67     0.0445     0.044      1.4137     0.0068   
   750       988.93     0.0448     0.0442     1.1897     0.0056   
   800       1055.1     0.0446     0.0441     1.3149     0.0056   
   850      1121.27     0.0443     0.0436     1.1003     0.0039   
   900       1187.4     0.0445     0.0439     1.0589     0.0042   
   950      1253.56     0.0444     0.0439     1.2574     0.0046   
   1000     1319.82     0.0445     0.0439     1.1965     0.0025   
   1050     1386.24     0.0442     0.0436     1.2134     0.0034   
   1100     1452.58     0.044      0.0434     1.0626     0.003    
   1150      1518.8     0.0442     0.0436     0.8809     0.0035   
   1200     1584.99     0.0441     0.0434     0.7487     0.0023   
   1250     1651.19     0.0441     0.0436     0.9193     0.0028   
   1300     1717.63     0.0444     0.0438     1.0135     0.0028   
   1350     1783.84     0.0441     0.0437     1.1021     0.0024   
   1400     1850.32     0.0442     0.0435     0.9106     0.0014   
   1450     1916.52     0.0442     0.0437     0.8472     0.0029   
   1500     1982.66     0.0439     0.0433     0.8966     0.0019   
   1550     2049.11     0.0445     0.0439     0.8693     0.0014   
   1600     2115.48     0.0441     0.0434     0.8889     0.0012   
   1650     2181.68     0.0439     0.0434     0.9723     0.0016   
   1700     2248.14     0.0439     0.0432     0.903      0.0018   
   1750     2314.41     0.0442     0.0436     1.0265     0.0013   
   1800     2380.53     0.0441     0.0437     1.0731     0.0009   
   1850      2446.5     0.0443     0.0436     0.8539     0.0009   
   1900     2512.48     0.0444     0.0437     0.6773     0.0013   
   1950     2578.72     0.0443     0.0437     0.8054     0.0011   
   2000     2644.88     0.0438     0.0433     0.792      0.0008   