eta =  0.1  cov eta =  1  sigma eta =  1
iteration |   time   | test_err | train_err|  d_mean  |   d_cov  |
    1         5.69      0.2837     0.2793     0.4472     4.4721
    2        10.76      0.2849     0.2805     0.4472     4.4721
    3        15.85      0.2859     0.2816     0.4472     4.4721
    4        20.94      0.2874     0.283      0.4472     4.4721
    5        26.05      0.2888     0.2844     0.4472     4.4721

iteration |   time   | test_err | train_err|  d_mean  |   d_cov  |
    1         5.64      0.2813     0.277      0.0447     4.4721
    2        10.66      0.2814     0.2771     0.0447     4.4721
    3         15.7      0.2815     0.2772     0.0447     4.4721
    4        20.74      0.2816     0.2773     0.0447     4.4721
    5        25.77      0.2818     0.2775     0.0447     4.4721
    6        30.82      0.2819     0.2776     0.0447     4.4721
    7        35.86      0.282      0.2777     0.0447     4.4721
    8        40.97      0.2821     0.2778     0.0447     4.4721