/home/duc/Documents/Research/SSVI-TF/venv/bin/python3 /home/duc/Documents/Research/SSVI-TF/Test/SSVI_robust/real/PTF_3D_robust.py
Generating synthetic data ...
Generating synthetic data took:  3.352973699569702
Tensor dimensions:  [50, 50, 50]
Optimization metrics:
Using Ada Grad
Mean update scheme:  S
Covariance update :  N
k1 samples =  256  k2 samples =  64
eta =  1  cov eta =  0.01  sigma eta =  1
iteration |   time   | test_err | train_err|  d_mean  |   d_cov  |    dw
    10       62.39      0.2242     0.2215     3.1623     4.4721      0.0
    20       121.88     0.1952     0.1932     3.1623     4.4721      0.0
    30       182.13     0.1692     0.1683     3.1623     4.4721      0.0
    40       243.11     0.156      0.1556     3.1623     4.4721      0.0
    50       304.66     0.1443     0.1454     3.1623     4.4721      0.0
    60       365.97     0.1233     0.1242     3.1623     4.4721      0.0
    70       427.47     0.109      0.1089     3.1623     4.4721      0.0
    80       489.22     0.1006     0.1007     3.1623     4.4721      0.0
    90       550.66     0.0916     0.0916     3.1623     4.4721      0.0
   100       612.18     0.0789     0.0787     3.1619     1.1841      0.0
   110       673.69     0.0724     0.0721     3.1619     1.1841      0.0
   120       735.28     0.0688     0.0685     3.1619     1.1841      0.0
   130       796.89     0.0659     0.0659     3.1619     1.1841      0.0
   140       858.29     0.0617     0.0617     3.1553     1.1841      0.0
   150       919.88     0.0603     0.0602     3.0062     0.0002      0.0
   160       981.39     0.0587     0.0586     3.0062     0.0002      0.0
   170      1043.01     0.0576     0.0576     3.0062     0.0002      0.0
   180      1104.78     0.0568     0.0565     3.0062     0.0002      0.0
   190      1166.58     0.0569     0.0567     3.0062     0.0002      0.0
   200      1228.33     0.0557     0.0554     2.809      0.0001      0.0
   210      1290.23     0.0545     0.0542     2.809      0.0001      0.0
   220      1352.04     0.054      0.0538     2.809      0.0001      0.0
   230      1413.64     0.0534     0.0531     2.809      0.0001      0.0
   240      1475.35     0.0508     0.0507     2.809      0.0001      0.0
   250      1537.05     0.0507     0.0506     2.1585      0.0        0.0
   260      1598.86     0.0507     0.0505     2.1585      0.0        0.0
   270      1660.74     0.0504     0.0502     2.1585      0.0        0.0
   280      1722.71     0.051      0.0506     2.1585      0.0        0.0
   290      1784.79     0.051      0.0507     2.1585      0.0        0.0
   300      1846.67     0.0506     0.0505     2.4942      0.0        0.0
   310      1908.77     0.0503     0.0502     2.4942      0.0        0.0
   320       1970.8     0.0502     0.0501     2.4942      0.0        0.0
   330      2032.69     0.0499     0.0499     2.4942      0.0        0.0
   340      2094.82     0.0492     0.0491     2.4942      0.0        0.0
   350      2156.73     0.0485     0.0482     2.426       0.0        0.0
   360      2218.87     0.0486     0.0482     2.426       0.0        0.0
   370      2280.69     0.0485     0.0483     2.426       0.0        0.0
   380      2342.43     0.0486     0.0482     2.426       0.0        0.0
   390      2404.33     0.0481     0.0479     2.426       0.0        0.0
   400       2466.3     0.0477     0.0476     2.3237      0.0        0.0
   410      2528.07     0.0475     0.0475     2.3237      0.0        0.0
   420      2590.07     0.0477     0.0476     2.3237      0.0        0.0
   430      2652.19     0.0472     0.047      2.3237      0.0        0.0
   440      2714.23     0.0471     0.0468     2.3237      0.0        0.0
   450       2776.1     0.0466     0.0462     2.1792      0.0        0.0
   460      2838.18     0.0466     0.0462     2.1792      0.0        0.0
   470      2900.38     0.0464     0.0461     2.1792      0.0        0.0
   480      2962.21     0.047      0.0466     2.1792      0.0        0.0
   490      3024.33     0.0471     0.0467     2.1792      0.0        0.0
   500      3086.17     0.0466     0.0464     1.8942      0.0        0.0
   510      3148.16     0.0465     0.0462     1.8942      0.0        0.0
   520      3210.11     0.0465     0.0462     1.8942      0.0        0.0
   530      3271.99     0.0463     0.046      1.9235      0.0        0.0
   540      3333.95     0.0466     0.0462     1.9235      0.0        0.0
   550      3396.09     0.0461     0.0457     1.9235      0.0        0.0
   560      3458.08     0.0463     0.0459     1.9235      0.0        0.0
   570       3519.9     0.0462     0.0459     1.9235      0.0        0.0


/home/duc/Documents/Research/SSVI-TF/venv/bin/python3 /home/duc/Documents/Research/SSVI-TF/Test/SSVI_d/real/PTF_3D.py
Generating synthetic data ...
Generating synthetic data took:  3.434300184249878
Tensor dimensions:  [50, 50, 50]
Optimization metrics:
Using Ada Grad
Mean update scheme:  S
Covariance update :  N
k1 samples =  256  k2 samples =  64
eta =  1  cov eta =  1  sigma eta =  1
iteration |   time   | test_err | train_err|  d_mean  |   d_cov  |
    10       20.81      0.2526     0.2509     3.1623     4.4721
    20       42.44      0.2055     0.202      3.1623     4.4721
    30       64.67      0.177      0.1753     3.1623     4.4721
    40       87.31      0.1533     0.1522     3.1623     4.4721
    50       110.4      0.1459     0.1465     3.1623     4.4721
    60       133.66     0.1262     0.1261     3.1623     4.4721
    70       156.84     0.1072     0.1075     3.1623     4.4721
    80       180.02     0.1002     0.1002     3.1623     4.472
    90       203.16     0.0867     0.0868     3.1623     4.4718
   100       226.39     0.0765     0.0761     3.1622     0.3368
   110       249.55     0.0699     0.0698     3.1622     0.3368
   120       272.67     0.0671     0.0669     3.1622     0.3368
   130       295.81     0.0658     0.0655     3.1622     0.3368
   140       318.92     0.0638     0.063      3.1622     0.3368
   150       342.05     0.0587     0.0582     2.9891     0.0969
   160       365.15     0.0564     0.0558     2.9891     0.0969
   170       388.27     0.0551     0.0545     2.9891     0.0969
   180       411.38     0.0548     0.0542     2.817      0.0969
   190       434.51     0.0547     0.0544     2.817      0.0969
   200       457.67     0.053      0.0527     2.6898     0.065
   210       480.77     0.0511     0.0508     2.6898     0.065
   220       503.96      0.05      0.0496     2.6898     0.065
   230       527.15     0.0494     0.0489     2.6898     0.065
   240       550.41     0.0489     0.0481     2.0721     0.065
   250       573.61     0.0479     0.047      1.9083     0.0571
   260       596.81     0.0476     0.0466     1.9083     0.0571
   270       619.91     0.0474     0.0465     1.9083     0.0571
   280       643.14     0.0479     0.0472     1.9478     0.0571
   290       666.25     0.0475     0.047      2.4139     0.0571
   300       689.31     0.0479     0.0474     2.4139     0.0485
   310       712.43     0.0476     0.0471     2.4139     0.0485
   320       735.49     0.0474     0.0469     2.4139     0.0485
   330       758.72     0.0468     0.0464     2.4139     0.0485
   340       781.89     0.0465     0.0458     1.8824     0.0485
   350       805.07     0.0465     0.0458     2.1751     0.0342
   360       828.4      0.0465     0.0458     2.1751     0.0342
   370       851.93     0.0464     0.0458     2.1751     0.0342
   380       875.06     0.0466     0.0461     2.1751     0.0342
   390       898.11     0.0464     0.046      2.1751     0.0342
   400       921.18     0.0459     0.0454     2.2204     0.0203
   410       944.31     0.0458     0.0453     2.2204     0.0203
   420       967.47     0.0458     0.0452     2.2204     0.0203
   430       990.62     0.0455     0.0449     2.2204     0.0203
   440      1013.76     0.0457     0.045      2.2204     0.0203
   450      1036.98     0.0452     0.0447     1.6752     0.0132
   460      1060.21     0.0452     0.0447     1.6752     0.0132
   470      1083.43     0.0452     0.0448     1.6752     0.0132
   480      1106.59     0.0451     0.0446     1.6488     0.0132
   490      1129.79     0.0452     0.0447     1.6488     0.0132
   500      1152.95     0.0456     0.0449     1.6271     0.019
   510      1176.18     0.0456     0.0449     1.6271     0.019
   520      1199.33     0.0456     0.0449     1.6271     0.019
   530      1222.47     0.0455     0.0448     1.6271     0.019
   540      1245.61     0.0452     0.0445     1.5241     0.019
   550      1268.77     0.0451     0.0447     1.5241     0.0139
   560      1291.96     0.0451     0.0447     1.5241     0.0139
   570      1315.08     0.0451     0.0446     1.5241     0.0139
   580      1338.22     0.0452     0.0447     1.5241     0.0139
   590      1361.35     0.0449     0.0444     1.3822     0.0139
   600      1384.48     0.0447     0.044      1.3822     0.0078
   610      1407.65     0.0445     0.0439     1.3822     0.0078
   620      1430.75     0.0446     0.044      1.3822     0.0078
   630       1453.9     0.0446     0.044      1.3822     0.0078
   640      1476.98     0.0449     0.0441     1.0994     0.0078
   650      1500.09     0.0449     0.0442     1.2517     0.007
   660      1523.41     0.0449     0.0442     1.2517     0.007
   670      1546.62     0.0449     0.0442     1.2517     0.007
   680      1569.79     0.0447     0.0441     1.2517     0.007
   690       1593.1     0.0448     0.0442     1.2517     0.007
   700      1616.39     0.0447     0.0442     1.2665     0.0069


/home/duc/Documents/Research/SSVI-TF/venv/bin/python3 /home/duc/Documents/Research/SSVI-TF/Test/SSVI_subopt/real/PTF_3D_sub.py
Generating synthetic data ...
Generating synthetic data took:  3.3417468070983887
Tensor dimensions:  [50, 50, 50]
Optimization metrics:
Using Ada Grad
Mean update scheme:  S
Covariance update :  N
k1 samples =  256  k2 samples =  64
eta =  1  cov eta =  1  sigma eta =  1
iteration |   time   | test_err | train_err|  d_mean  |   d_cov  |    dw
    10       21.05      0.2242     0.2215     3.1623     4.4721     0.0012
    20       43.01      0.1952     0.1932     3.1623     4.4721     0.0005
    30       65.43      0.1693     0.1683     3.1623     4.4721     0.0003
    40       88.32      0.1558     0.1552     3.1623     4.4721     0.0002
    50       111.62     0.1454     0.1463     3.1623     4.4721     0.0002
    60       135.24     0.125      0.1257     3.1623     4.4721     0.0001
    70       158.73     0.1107     0.1107     3.1623     4.4721     0.0001
    80       182.25     0.1013     0.1016     3.1623     4.472      0.0001
    90       205.74     0.0925     0.0927     3.1623     4.4719     0.0001
   100       229.3      0.0755     0.0754     3.162      0.3233     0.0001
   110       252.8      0.0698     0.0696     3.162      0.3233     0.0001
   120       276.31     0.0672     0.067      3.162      0.3233     0.0001
   130       299.9      0.0645     0.0646     3.162      0.3233     0.0001
   140       323.5      0.0605     0.0606     3.162      0.3233     0.0001
   150       346.97     0.0595     0.0597     2.874      0.0893      0.0
   160       370.54     0.0585     0.0587     2.6202     0.0893      0.0
   170       394.06     0.0583     0.0584     2.9361     0.0893      0.0
   180       417.64     0.0575     0.0573     2.9361     0.0893      0.0
   190       441.15     0.0569     0.0566     2.9361     0.0893      0.0
   200       464.63     0.056      0.0557     2.9361     0.0507      0.0
   210       488.08     0.0554     0.0552     2.9361     0.0507      0.0
   220       511.71     0.0547     0.0545     2.7828     0.0507      0.0
   230       535.15     0.054      0.0541     2.7828     0.0507      0.0
   240       558.59     0.0527     0.0527     2.7828     0.0507      0.0
   250       582.05     0.0512     0.0513     2.4995     0.0338      0.0
   260       605.52     0.0512     0.0512     2.4995     0.0338      0.0
   270       629.03     0.0513     0.0512     2.2724     0.0338      0.0
   280       652.49     0.0514     0.0511     2.2724     0.0338      0.0
   290       676.05     0.0505     0.0502     2.2724     0.0338      0.0
   300       699.53     0.0496     0.0493      2.09      0.0355      0.0
   310       723.01     0.0496     0.0493      2.09      0.0355      0.0
   320       746.53     0.0494     0.0491      2.09      0.0355      0.0
   330       770.04     0.0488     0.0486      2.09      0.0355      0.0
   340       793.54     0.0481     0.0479      2.09      0.0355      0.0
   350       817.02     0.0473     0.047      1.7665     0.0331      0.0
   360       840.56     0.0472     0.0469     1.7665     0.0331      0.0
   370       864.05     0.0472     0.047      1.7665     0.0331      0.0
   380       887.62     0.0474     0.0471     1.7665     0.0331      0.0
   390       911.19     0.0476     0.0474     1.7665     0.0331      0.0
   400       934.66     0.0472     0.047      1.6637     0.0202      0.0
   410       958.15     0.0473     0.047      1.6637     0.0202      0.0
   420       981.65     0.0472     0.0469     1.6637     0.0202      0.0
   430      1005.22     0.0469     0.0465     1.6637     0.0202      0.0
   440      1028.71     0.0466     0.0464     2.2631     0.0202      0.0
   450      1052.21     0.0463     0.0461     2.2631     0.0122      0.0
   460       1075.7     0.0463     0.0461     2.2631     0.0122      0.0
   470      1099.18     0.0463     0.0461     2.2631     0.0122      0.0
   480      1122.66     0.0463     0.0462     2.2631     0.0122      0.0
   490      1146.13     0.0459     0.0458     2.0348     0.0122      0.0
   500      1169.63     0.046      0.0458     2.0348     0.0159      0.0
   510       1193.2     0.0459     0.0457     2.0348     0.0159      0.0
   520      1216.68     0.0459     0.0456     2.0348     0.0159      0.0
   530      1240.19     0.0457     0.0454     2.0348     0.0159      0.0
   540      1263.73     0.0456     0.0452     1.665      0.0159      0.0
   550      1287.28     0.0452     0.045      1.665      0.0116      0.0
   560      1310.81     0.0453     0.045      1.665      0.0116      0.0
   570      1334.31     0.0457     0.0454     1.665      0.0116      0.0
   580      1357.89     0.0459     0.0456     1.665      0.0116      0.0
   590      1381.37     0.0455     0.0453     1.4045     0.0116      0.0
   600      1404.85     0.0455     0.0451     1.4045     0.0073      0.0
   610      1428.46     0.0454     0.045      1.4045     0.0073      0.0
   620      1451.97     0.045      0.0447     1.4045     0.0073      0.0
   630      1475.46     0.045      0.0447     1.4045     0.0073      0.0
   640      1498.95     0.045      0.0447     1.1973     0.0073      0.0
   650      1522.48     0.0449     0.0447     1.1973     0.0117      0.0
   660       1546.0     0.0447     0.0446     1.1973     0.0117      0.0
   670      1569.47     0.0449     0.0447     1.1973     0.0117      0.0
   680      1592.97     0.0447     0.0445     1.1973     0.0117      0.0
   690      1616.47     0.0446     0.0444     0.8871     0.0117      0.0
   700      1640.06     0.0448     0.0445     0.8871     0.0075      0.0
   710      1663.55     0.0449     0.0446     0.8871     0.0075      0.0
   720      1687.14     0.0448     0.0446     0.8871     0.0075      0.0
   730      1710.62     0.0448     0.0447     0.8685     0.0075      0.0
   740      1734.12     0.0448     0.0446     0.8935     0.0075      0.0
   750      1757.66     0.0446     0.0445     0.8935     0.0093      0.0
   760      1781.14     0.0447     0.0445     0.8935     0.0093      0.0
   770      1804.75     0.0447     0.0445     1.096      0.0093      0.0
   780      1828.26     0.0449     0.0448     1.096      0.0093      0.0
   790      1851.79     0.045      0.0448     1.096      0.0093      0.0
   800       1875.3     0.0452     0.0449     1.096      0.0072      0.0
   810      1898.79     0.0451     0.0449     1.096      0.0072      0.0
   820      1922.42     0.045      0.0447     0.8823     0.0072      0.0
   830      1946.02     0.0447     0.0444     1.0723     0.0072      0.0
   840      1969.68     0.0448     0.0445     1.0723     0.0072      0.0