/home/duc/Documents/Research/SSVI-TF/venv/bin/python3 /home/duc/Documents/Research/SSVI-TF/Test/SSVI_robust/real/PTF_2D_robust.py
Generating synthetic data ...
Generating synthetic data took:  0.0753471851348877
Tensor dimensions:  [50, 50]
Optimization metrics:
Mean update scheme:  N
Covariance update :  N
k1 samples =  128  k2 samples =  64
eta =  3  cov eta =  1  sigma eta =  1
iteration |   time   | test_err | train_err|  d_mean  |   d_cov  |
    50       31.52      0.0616     0.0639     9.4868     4.4721
   100       63.62      0.0619     0.0643     2.1587     0.7179
   150       96.02      0.0618     0.0643     1.299      0.3466
   200       128.09     0.0619     0.0644     0.8385     0.2057
   250       160.44     0.0617     0.0642     0.9228     0.1295
   300       192.48     0.0617     0.0641     0.8683     0.0924
   350       224.51     0.0617     0.0641     0.5078     0.0693
   400       256.53     0.0616     0.064      0.5266     0.0527
   450       288.76     0.0616     0.064      0.5078     0.0436
   500       320.92     0.0616     0.064      0.375      0.041
   550       353.08     0.0616     0.064      0.4134     0.0401
   600       385.11     0.0616     0.064      0.3141     0.0409
   650       417.39     0.0615     0.0639     0.2001     0.0401
   700       449.43     0.0615     0.0639     0.3172     0.0414
   750       481.49     0.0615     0.0639     0.2706     0.037
   800       513.71     0.0615     0.0639     0.2296     0.0397
   850       545.92     0.0615     0.0639     0.2359     0.0384
   900       578.12     0.0615     0.0639     0.2997     0.0351
   950       610.3      0.0615     0.0639     0.2778     0.0346
   1000      642.63     0.0615     0.0639     0.2441     0.0347
   1050      675.13     0.0615     0.0639     0.2232     0.0343
   1100      707.56     0.0615     0.0639     0.2253     0.0311
   1150      739.74     0.0615     0.0639     0.1881     0.0304
   1200      771.77     0.0615     0.0639     0.1676     0.0285
   1250      803.8      0.0615     0.0639     0.1676     0.0296
   1300      836.04     0.0615     0.0639     0.119      0.0293
   1350      868.34     0.0615     0.0639     0.1875     0.0279
   1400      900.33     0.0615     0.0639     0.1683     0.0284


/home/duc/Documents/Research/SSVI-TF/venv/bin/python3 /home/duc/Documents/Research/SSVI-TF/Test/SSVI_d/real/PTF_3D.py
Generating synthetic data ...
Generating synthetic data took:  3.378171443939209
Tensor dimensions:  [50, 50, 50]
Optimization metrics:
Mean update scheme:  S
Covariance update :  N
k1 samples =  30  k2 samples =  10
eta =  1  cov eta =  1  sigma eta =  1
iteration |   time   | test_err | train_err|  d_mean  |   d_cov  |
    50       25.57      0.1551     0.1555     3.1623     4.4721
   100       58.47      0.0747     0.0746     3.1622     0.4572
   150       91.24      0.0594     0.059      2.7127     0.0959
   200       124.23     0.0517     0.0513     2.5799     0.0525
   250       157.78     0.048      0.0475     2.175      0.0366
   300       191.18     0.0466     0.0462     1.7622     0.0156
   350       224.05     0.0461     0.0454     1.4718     0.0147
   400       256.89     0.0466     0.0461     1.947      0.0157
   450       289.78     0.0465     0.0457     1.9466     0.0138
   500       322.57     0.0457     0.0452     1.5873     0.0115
   550       355.31     0.0459     0.0451     1.4112     0.0064
   600       388.11     0.0448     0.0445     1.3385     0.0065
   650       421.11     0.0448     0.0441     1.0598     0.0069
   700       453.89     0.0446     0.0442     1.4004     0.0038
   750       486.64     0.0449     0.0444     1.6934     0.0033
   800       519.25     0.0446     0.0441     1.865      0.0034
   850       551.94     0.0445     0.044      1.9548     0.0034
   900       584.64     0.0444     0.0439     1.5155     0.0023
   950       617.44     0.044      0.0435     0.8995     0.0027
   1000      650.04     0.0443     0.0438     1.0433     0.0029
   1050      682.6      0.0447     0.0441     1.0011     0.0033
   1100      715.18     0.0442     0.0437     0.9208     0.0021
   1150      747.76     0.0446     0.044      0.9513     0.0017
   1200      780.34     0.0447     0.0441     1.2577     0.0019
   1250      812.96     0.0442     0.0437     1.128      0.0012
   1300      845.59     0.0443     0.0436     0.9874     0.0018


/home/duc/Documents/Research/SSVI-TF/venv/bin/python3 /home/duc/Documents/Research/SSVI-TF/Test/SSVI_d/real/PTF_2D.py
Generating synthetic data ...
Generating synthetic data took:  0.07601618766784668
Tensor dimensions:  [50, 50]
Optimization metrics:
Mean update scheme:  S
Covariance update :  N
k1 samples =  30  k2 samples =  10
eta =  1  cov eta =  1  sigma eta =  1
iteration |   time   | test_err | train_err|  d_mean  |   d_cov  |
    50        6.56      0.3446     0.3423     3.1623     4.3687
   100        14.2      0.2215     0.2188     2.4405     0.2372
   150       21.86      0.1325     0.1298     1.8407     0.1241
   200        29.5      0.0779     0.0763     1.3413     0.0734
   250       37.14      0.0474     0.0467     0.9631     0.0564
   300       44.78      0.031      0.0305     0.6912     0.041
   350       52.58      0.022      0.0215     0.5016     0.0322
   400       61.12      0.0168     0.0162     0.3695     0.0259
   450       68.74      0.0137     0.0131     0.2764     0.0214
   500       76.35      0.0118     0.0112     0.2091     0.0194
   550       84.02      0.0106      0.01       0.16      0.0159
   600       92.78      0.0099     0.0093     0.1233     0.0141
   650       100.88     0.0095     0.0089     0.0954     0.0132
   700       109.13     0.0093     0.0086     0.0743     0.0109
   750       116.75     0.0092     0.0084     0.058      0.0099
   800       124.36     0.0091     0.0084     0.0454     0.0087
   850       132.78     0.009      0.0083     0.0356     0.0079
   900       140.78     0.009      0.0083     0.0279     0.0081
   950       148.68     0.009      0.0083     0.022      0.0079
   1000      156.28     0.0089     0.0082     0.0173     0.0065
   1050      163.91     0.0089     0.0082     0.0137     0.0056
   1100      172.59     0.0089     0.0082     0.0108     0.0054
   1150      180.57     0.0089     0.0082     0.0086     0.005
   1200      188.56     0.0089     0.0082     0.0068     0.0047
   1250      196.54     0.0089     0.0082     0.0055     0.0044
   1300      204.53     0.0089     0.0082     0.0044     0.0042
   1350      212.13     0.0089     0.0082     0.0034     0.004


/home/duc/Documents/Research/SSVI-TF/venv/bin/python3 /home/duc/Documents/Research/SSVI-TF/Test/SSVI_robust/real/PTF_2D_robust.py
Generating synthetic data ...
Generating synthetic data took:  0.0763864517211914
Tensor dimensions:  [50, 50]
Optimization metrics:
Mean update scheme:  N
Covariance update :  N
k1 samples =  128  k2 samples =  64
eta =  1  cov eta =  1  sigma eta =  1
iteration |   time   | test_err | train_err|  d_mean  |   d_cov  |
    50       31.05      0.2784     0.2757     4.4721     4.4721
   100       62.35      0.2778     0.2752     1.9325     0.3203
   150       93.47      0.2779     0.2753     1.2374     0.0874
   200       124.61     0.2776     0.2751     1.1792     0.0687
   250       155.82     0.2777     0.2751     1.118      0.0699
   300       186.96     0.2776     0.275      0.7421     0.0878
   350       218.25     0.2776     0.275      0.6875     0.0913
   400       250.16     0.2776     0.275      0.6281     0.0874
   450       282.26     0.2776     0.275      0.534      0.0823


/home/duc/Documents/Research/SSVI-TF/venv/bin/python3 /home/duc/Documents/Research/SSVI-TF/Test/SSVI_robust/real/PTF_2D_robust.py
Generating synthetic data ...
Generating synthetic data took:  0.07362842559814453
Tensor dimensions:  [50, 50]
Optimization metrics:
Using Ada Delta with window size =  10
Mean update scheme:  N
Covariance update :  S
k1 samples =  128  k2 samples =  64
eta =  1  cov eta =  1  sigma eta =  1
iteration |   time   | test_err | train_err|  d_mean  |   d_cov  |
    50       29.71      0.2775     0.2748     4.4721       0
   100       58.86      0.2257     0.2233     1.4327       0
   150       87.93      0.1967     0.1944     0.8191       0
   200       117.1      0.1772     0.1749     0.5427       0
   250       146.23     0.1626     0.1605     0.3918       0
   300       175.39     0.1512     0.1491     0.3144       0
   350       204.53     0.1419     0.1399     0.2494       0
   400       233.83     0.1342     0.1322     0.2123       0
   450       263.24     0.1275     0.1256     0.1816       0
   500       292.65     0.1214     0.1195     0.3279       0
   550       322.04     0.1036     0.1018     0.3605       0
   600       351.61     0.0851     0.0832     0.3883       0
   650       381.28     0.0696     0.068      0.3428       0
   700       411.29     0.0574     0.0564     0.4707       0
   750       441.12     0.0488     0.0484     1.0911       0
   800       471.22     0.0449     0.0456     3.4683       0
   850       501.17     0.0961     0.1008     4.4662       0
   900       530.65     0.3405     0.3517     4.4718       0


/home/duc/Documents/Research/SSVI-TF/venv/bin/python3 /home/duc/Documents/Research/SSVI-TF/Test/SSVI_robust/real/PTF_2D_robust.py
Generating synthetic data ...
Generating synthetic data took:  0.07307028770446777
Tensor dimensions:  [50, 50]
Optimization metrics:
Using Ada Delta with window size =  5
Mean update scheme:  N
Covariance update :  S
k1 samples =  128  k2 samples =  64
eta =  1  cov eta =  1  sigma eta =  1
iteration |   time   | test_err | train_err|  d_mean  |   d_cov  |
    50       30.15      0.2775     0.2748     4.4721       0
   100       59.87      0.2257     0.2233     1.4327       0
   150       89.63      0.1967     0.1944     0.8191       0
   200       120.45     0.1772     0.1749     0.5427       0
   250       150.26     0.1619     0.1598     0.7656       0
   300       180.16     0.1231     0.121      0.8001       0
   350       210.29     0.0925     0.0906     0.6892       0
   400       240.4      0.0707     0.0693     0.5456       0
   450       270.71     0.0551     0.0545     0.8655       0
   500       301.05     0.0458     0.0466     3.2389       0
   550       331.92     0.1422     0.1493     4.4691       0
   600       362.68     0.4495     0.4598     4.472        0
   650       392.26     0.8101     0.8223     4.4719       0
   700       421.95     1.2086     1.2228     4.4707       0
   750       451.74     1.642      1.6582     4.4497       0
   800       481.47     2.107      2.1253     4.4015       0
   850       511.15     2.6007     2.6212     4.3303       0