Deterministic
   2000     5278.04    145.7796   145.663     0.884      0.0013
   2000     5321.38    146.1264   145.8869    0.8284     0.0008
   2000     5383.88    146.4614   145.8475    0.8863     0.0009
   2000      5416.5    145.7292   145.5773    0.5592     0.0008
   2000     5430.08    145.159    145.268     0.8821     0.0008

Simple
   2000     2633.68    145.7367   145.4198    0.6177     0.0013      0.0
   2000     2659.82    146.3984   146.2077    1.0762     0.0007      0.0
   2000     2669.73    146.0002   145.484     0.7786     0.0008      0.0
   2000     2683.32    145.764    145.8955    0.8651     0.0009      0.0
   2000     2696.04    145.4703   145.4139    1.0701     0.0008      0.0

Robust
   2000     8376.67    146.0731   145.5418    0.833       0.0        0.0
   2000     8435.33    145.6774   145.6553    0.9769      0.0        0.0
   2000     8467.27    144.9845   144.9573    0.9066      0.0        0.0
   2000     8548.38    144.8833   145.1974    0.9262      0.0        0.0
   2000     8560.47    144.7317   144.873     0.6706      0.0        0.0
