0.2
   4000     9041.21     0.5518     0.4423     1.9875     0.0603
   4000     15174.3     0.7508     0.7308     0.6364    33.0922     0.0044
   4000     13254.64    0.5664     0.4186     1.8303     0.0589      0.0
0.4
   4000     9041.65     0.5088     0.3897     1.2113     0.0151
   4000     16741.21    0.9933     0.9865     0.5402   4380.3379     0.0
   4000     15232.24    0.5741     0.5197     2.5236     0.0373      0.0
0.6
   4000     9095.95     0.4845     0.4163     0.9349      0.01
   4000     19348.8     0.7439     0.725      3.1621    320.4627     0.0
   4000     17097.31    0.4889     0.4096     0.9677     0.012       0.0
0.8
   4000     9054.11     0.4878     0.4295     0.9253     0.0158
   4000     21391.53    0.7287     0.715      0.5794    647.5373     0.0
   4000     18860.96    0.4808     0.4195     0.893      0.0135      0.0
1.0
   4000     9293.68     0.475      0.4296     0.9045     0.0102
   4000     23382.75    0.724      0.7163     2.8594    105.6206     0.0
   4000     20745.18    0.4714     0.4231     0.9905     0.0094      0.0
