Generating synthetic real valued data ... 
Generating synthetic  real valued data took:  6.98590874671936
Using  0.01  of training data 
Tensor dimensions:  [50, 50, 50]
Optimization metrics: 
Using Ada Grad
Mean update scheme:  S
Covariance update :  N
k1 samples =  64  k2 samples =  64
eta =  1  cov eta =  1  sigma eta =  0.01
iteration |   time   |test_rsme |rel-te-err|train_rsme|rel-tr-err|  d_mean  |   d_cov  | test_nll | train_nll  |   dw   |
   500       718.06   4417.4405    0.4144   4434.2217    0.4159     1.9035      0.0     287823.14   11512.93     0.0    
   1000     1522.56   1126.3757    0.0909   1018.3591    0.0811     0.3711      0.0     286700.18   11454.64     0.0    
   1500     2326.95   1105.2776    0.0901    954.0413    0.0777     0.1106      0.0     286654.02   11480.91     0.0    
   2000     3127.55   1111.1809    0.0904    948.0877    0.0774     0.0427      0.0     286681.32   11458.8      0.0    
   2500     3931.43    1114.556    0.0906    947.2336    0.0774     0.0179      0.0     286621.11   11502.76     0.0    
   3000     4733.84   1116.0853    0.0907    947.0859    0.0775     0.0078      0.0     286661.83   11495.17     0.0    
   3500     5536.39   1116.7509    0.0908    947.0576    0.0775     0.0035      0.0     286655.55   11479.11     0.0    
   4000     6336.05   1117.0389    0.0908    947.0518    0.0775     0.0016      0.0     286683.95   11471.33     0.0    
   4500     7133.06   1117.1633    0.0908    947.0505    0.0775     0.0008      0.0     286713.63   11469.11     0.0    
   5000      7928.6   1117.2175    0.0908    947.0502    0.0775     0.0004      0.0     286702.71   11468.92     0.0    
   5500      8724.9   1117.2416    0.0908    947.0501    0.0775     0.0002      0.0     286700.99   11465.47     0.0    
   6000     9522.15   1117.2523    0.0908     947.05     0.0775     0.0001      0.0      286682.4   11467.93     0.0    
Using  0.02  of training data 
Tensor dimensions:  [50, 50, 50]
Optimization metrics: 
Using Ada Grad
Mean update scheme:  S
Covariance update :  N
k1 samples =  64  k2 samples =  64
eta =  1  cov eta =  1  sigma eta =  0.01
iteration |   time   |test_rsme |rel-te-err|train_rsme|rel-tr-err|  d_mean  |   d_cov  | test_nll | train_nll  |   dw   |
   500       920.71   4410.6666    0.4136   4444.8828    0.4161     1.9033      0.0     287823.14   23025.85     0.0    
   1000     1925.82   1102.3292    0.0893   1059.1053    0.0847      0.37       0.0     286821.43   22899.01     0.0    
   1500     2933.71   1072.9615    0.0878   1003.1854    0.0814     0.1058      0.0     286787.16   22907.81     0.0    
   2000     3941.94   1075.9789    0.088     999.2885    0.0811     0.037       0.0     286566.24   22916.0      0.0    
   2500     4951.17   1077.8888    0.0881    998.8955    0.0811     0.0137      0.0     286585.31   22944.57     0.0    
   3000      5964.2   1078.6575    0.0881    998.8469    0.0811     0.0052      0.0     286598.74   22912.06     0.0    
   3500     6970.17   1078.9524    0.0882    998.8401    0.0811     0.002       0.0     286667.06   22901.13     0.0    
   4000     7979.41   1079.0656    0.0882    998.8391    0.0811     0.0008      0.0     286668.85   22903.08     0.0    
   4500     8989.64   1079.1093    0.0882    998.8389    0.0811     0.0003      0.0     286662.25   22904.27     0.0    
   5000     9993.62   1079.1264    0.0882    998.8389    0.0811     0.0001      0.0     286676.91   22905.58     0.0    
Using  0.05  of training data 
Tensor dimensions:  [50, 50, 50]
Optimization metrics: 
Using Ada Grad
Mean update scheme:  S
Covariance update :  N
k1 samples =  64  k2 samples =  64
eta =  1  cov eta =  1  sigma eta =  0.01
iteration |   time   |test_rsme |rel-te-err|train_rsme|rel-tr-err|  d_mean  |   d_cov  | test_nll | train_nll  |   dw   |
   500      1531.52   4414.8937    0.4142    4437.27     0.4155     1.8984      0.0     287823.14   57564.63     0.0    
   1000     3170.02   1086.8474    0.0878    1072.633    0.0865     0.3645      0.0     286564.32   57328.33     0.0    
   1500     4807.97   1046.5045    0.0856   1021.2385    0.0833     0.0999      0.0     286661.01   57422.41     0.0    
   2000     6452.07   1045.7869    0.0855   1018.1155    0.0829     0.0327      0.0     286662.44   57375.64     0.0    
   2500     8082.64   1046.2184    0.0855   1017.8579    0.0829     0.0111      0.0     286636.61   57293.77     0.0    
   3000     9716.98   1046.3976    0.0855   1017.8329    0.0829     0.0039      0.0     286685.28   57306.22     0.0    
   3500     11345.52  1046.4562    0.0855   1017.8303    0.0829     0.0014      0.0     286721.57   57315.93     0.0    
   4000     12970.37  1046.4745    0.0855    1017.83     0.0829     0.0005      0.0     286716.81   57324.6      0.0    
   4500     14601.79  1046.4802    0.0855   1017.8299    0.0829     0.0002      0.0     286713.36   57321.9      0.0    
Using  0.1  of training data 
Tensor dimensions:  [50, 50, 50]
Optimization metrics: 
Using Ada Grad
Mean update scheme:  S
Covariance update :  N
k1 samples =  64  k2 samples =  64
eta =  1  cov eta =  1  sigma eta =  0.01
iteration |   time   |test_rsme |rel-te-err|train_rsme|rel-tr-err|  d_mean  |   d_cov  | test_nll | train_nll  |   dw   |
   500      1801.41   4414.0469    0.4141   4447.7444    0.4159     1.8887      0.0     287823.14  115129.25     0.0    
   1000      3754.2   1080.5506    0.0874   1076.2761    0.0865     0.341       0.0     286646.16  114690.22     0.0    
   1500     5711.96   1040.0676    0.0852   1024.8068    0.0833     0.1196      0.0      286727.1  114688.04     0.0    
   2000     7683.59   1039.5005    0.0851   1022.0227    0.0831     0.088       0.0      286686.8  114593.07     0.0    
   2500     9651.39   1039.4347    0.085    1021.8048    0.0831     0.1124      0.0     286517.11  114683.76     0.0    
   3000     11617.04  1039.7476    0.0851   1021.7225    0.083      0.0693      0.0     286531.46  114579.99     0.0    
   3500     13587.01  1039.5548    0.0851   1021.7191    0.083      0.1094      0.0     286616.71  114585.42     0.0    
   4000     15546.43  1039.6157    0.085     1021.858    0.083      0.0882      0.0     286615.71  114695.43     0.0    
   4500     17509.04   1039.78     0.085    1021.7495    0.083      0.0789      0.0     286580.39  114679.45     0.0    
   5000     19469.57  1039.8702    0.0851   1021.7521    0.083      0.0872      0.0     286778.84  114493.94     0.0    
   5500     21428.49  1040.0958    0.0851   1021.7466    0.083      0.1008      0.0      286597.4  114575.73     0.0    
   6000     23382.88  1039.5225    0.085    1021.6747    0.083      0.0598      0.0      286822.7  114624.24     0.0    
Using  0.2  of training data 
Tensor dimensions:  [50, 50, 50]
Optimization metrics: 
Using Ada Grad
Mean update scheme:  S
Covariance update :  N
k1 samples =  64  k2 samples =  64
eta =  1  cov eta =  1  sigma eta =  0.01
iteration |   time   |test_rsme |rel-te-err|train_rsme|rel-tr-err|  d_mean  |   d_cov  | test_nll | train_nll  |   dw   |
   500      1841.76   4420.6022    0.4148   4430.2229    0.4155     1.8923      0.0     287823.14  230258.51     0.0    
   1000     3830.32   1084.4957    0.0876   1076.7439    0.0867     0.3525      0.0     286500.13  229263.89     0.0    
   1500     5820.69   1039.2687    0.085    1026.3506    0.0837     0.1676      0.0     286681.82  229199.32     0.0    
   2000      7810.3   1037.1982    0.0848   1023.6703    0.0835     0.1125      0.0     286613.84  229496.75     0.0    
   2500      9800.0   1037.0836    0.0847   1023.3817    0.0834     0.1102      0.0     286614.64  229282.48     0.0    
   3000     11790.44  1037.3163    0.0848   1023.2813    0.0835     0.103       0.0     286688.25  229261.95     0.0    
   3500     13780.18  1037.8717    0.0849   1023.3546    0.0835     0.1032      0.0     286641.91  229350.02     0.0    
   4000     15774.53  1038.0676    0.0848   1023.3254    0.0834     0.1016      0.0     286759.93  229359.51     0.0    
   4500     17764.27  1037.0733    0.0847   1023.3642    0.0834     0.1188      0.0     286625.09  229404.12     0.0    
   5000     19758.25  1037.3734    0.0848   1023.1762    0.0835     0.1017      0.0     286699.58  229326.92     0.0    
   5500     21753.08  1037.8962    0.0848   1023.5344    0.0834     0.1131      0.0     286749.44  229253.12     0.0    
   6000     23745.28  1037.2128    0.0848   1023.3339    0.0834     0.1105      0.0     286690.96  229240.93     0.0    
Using  0.5  of training data 
Tensor dimensions:  [50, 50, 50]
Optimization metrics: 
Using Ada Grad
Mean update scheme:  S
Covariance update :  N
k1 samples =  64  k2 samples =  64
eta =  1  cov eta =  1  sigma eta =  0.01
iteration |   time   |test_rsme |rel-te-err|train_rsme|rel-tr-err|  d_mean  |   d_cov  | test_nll | train_nll  |   dw   |
   500      1836.35    4418.124    0.4145    4429.26     0.4153     1.8903      0.0     287823.14  575646.27     0.0    
   1000     3925.03   1085.6171    0.0876   1083.7286    0.0871     0.3969      0.0     286507.99  573379.11     0.0    
   1500     6017.45   1037.8493    0.0849   1034.2009    0.0843     0.1703      0.0     286608.72  572977.26     0.0    
   2000     8109.23   1034.8164    0.0846   1031.2315    0.0841     0.116       0.0     286705.39  573185.34     0.0    
   2500     10208.01  1035.2899    0.0846   1031.0401    0.084      0.143       0.0     286671.99  573133.64     0.0    
   3000     12311.93  1034.9973    0.0846   1030.9179    0.084      0.1154      0.0     286672.63  573112.64     0.0    
   3500     14413.49  1034.7201    0.0846    1030.795    0.084      0.1118      0.0     286688.32  573116.54     0.0    
   4000     16516.31  1034.4697    0.0846    1030.882    0.084      0.1159      0.0     286604.07  573044.94     0.0    
   4500     18615.42  1034.2437    0.0845   1030.8235    0.084      0.0948      0.0     286661.23  573194.06     0.0    
   5000     20702.44  1035.4831    0.0847   1031.0419    0.084      0.1279      0.0     286615.06  573237.01     0.0    
   5500     22791.35   1034.823    0.0846   1030.7815    0.084      0.1596      0.0     286695.19  573182.74     0.0    
   6000     24876.69  1034.7916    0.0846   1031.0211    0.084      0.137       0.0      286801.4  573226.65     0.0    
Using  1  of training data 
Tensor dimensions:  [50, 50, 50]
Optimization metrics: 
Using Ada Grad
Mean update scheme:  S
Covariance update :  N
k1 samples =  64  k2 samples =  64
eta =  1  cov eta =  1  sigma eta =  0.01
iteration |   time   |test_rsme |rel-te-err|train_rsme|rel-tr-err|  d_mean  |   d_cov  | test_nll | train_nll  |   dw   |
   500      1832.82   4420.1375    0.4146   4427.2875    0.4153     1.865       0.0     287823.14  1151292.55    0.0    
   1000     4077.91   1084.3149    0.0875   1079.7267    0.0868     0.4203      0.0     286738.05  1146852.59    0.0    
   1500     6322.88   1037.1128    0.0848    1031.692    0.084      0.1456      0.0     286780.94  1146697.59    0.0    
   2000     8566.38   1034.1656    0.0846   1028.9452    0.0838     0.159       0.0     286598.62  1146109.03    0.0    
   2500     10810.17  1033.6958    0.0845   1028.7606    0.0837     0.1459      0.0     286518.63  1146309.15    0.0    
   3000     13052.71   1034.288    0.0846   1028.6539    0.0837     0.1824      0.0     286619.05  1146177.32    0.0    
   3500     15303.87  1034.4872    0.0846   1028.8216    0.0838     0.1151      0.0     286589.13  1146533.88    0.0    
   4000     17552.81  1033.6245    0.0845   1028.8028    0.0837     0.1072      0.0     286549.49  1146291.34    0.0    
   4500     19806.32  1033.8152    0.0845   1028.7492    0.0837     0.1512      0.0     286601.66  1146166.7     0.0    
   5000     22060.26   1034.534    0.0845    1028.726    0.0837     0.1423      0.0     286568.87  1146223.03    0.0    
   5500     24306.11  1034.3494    0.0846   1028.8248    0.0838     0.1203      0.0     286530.05  1146222.27    0.0    
   6000     26554.79  1034.0603    0.0845   1028.8757    0.0837     0.126       0.0     286529.93  1146130.07    0.0    
